1000 4944
249 586
912 646
195 514
986 462
715 286
590 787
203 63
866 341
67 637
68 839
243 782
687 156
429 252
546 118
729 398
587 590
676 856
98 659
790 159
138 427
835 707
837 109
105 930
345 566
569 56
454 31
916 158
574 811
3 799
604 298
255 938
856 524
357 438
233 293
769 543
537 78
587 243
146 609
733 571
310 788
12 687
116 118
385 454
69 690
317 207
471 144
57 21
678 980
347 273
722 785
900 675
239 723
499 23
744 155
173 351
945 656
177 303
712 377
640 502
141 716
182 866
254 736
848 105
643 812
9 463
743 519
895 767
263 644
929 421
434 668
146 969
816 542
55 204
227 794
847 80
297 217
904 847
494 463
876 456
895 809
769 944
785 695
1 495
42 665
432 962
737 629
836 665
428 414
66 697
912 756
995 917
552 293
511 814
413 292
663 723
302 627
892 907
672 20
215 513
964 562
243 349
713 374
332 558
530 192
983 967
715 800
407 934
849 675
21 431
316 251
879 931
184 739
138 918
32 727
859 352
396 757
879 438
220 132
663 380
311 127
140 194
170 7
776 758
427 687
101 391
843 970
705 994
511 303
561 972
197 884
658 646
622 724
114 223
206 194
726 446
504 873
359 21
287 903
608 623
208 950
382 259
476 682
754 741
127 54
177 401
189 917
650 665
130 644
617 157
636 431
140 465
410 953
32 50
678 81
184 64
282 252
664 898
243 607
36 807
222 931
980 707
838 267
843 252
789 488
592 92
882 583
579 497
216 505
192 63
246 230
546 527
56 826
654 137
289 542
507 758
163 707
642 583
682 552
238 977
459 401
595 38
114 944
83 912
565 881
490 647
941 544
51 763
788 398
269 998
236 351
454 290
37 853
385 583
79 580
146 883
298 509
390 570
672 34
690 641
322 487
106 456
879 920
607 50
76 544
278 591
739 74
691 589
704 621
775 455
245 328
134 798
619 992
908 18
451 882
108 670
988 813
862 132
45 69
682 278
866 644
992 168
134 8
9 506
193 483
485 321
127 741
311 840
863 431
684 819
280 259
556 644
672 202
249 52
136 321
857 194
547 711
621 730
698 755
346 12
642 753
376 864
101 720
256 534
835 192
411 15
378 413
255 281
175 960
738 558
289 164
237 166
476 994
789 68
739 956
726 60
120 363
103 546
322 986
641 117
788 396
2 403
284 962
206 164
704 659
407 509
463 192
689 321
69 782
548 119
53 421
219 414
12 593
244 977
336 82
905 204
319 107
528 139
693 719
142 688
14 613
492 896
236 333
468 833
204 473
405 296
758 691
941 497
906 341
946 278
836 217
430 654
70 891
947 419
475 99
57 636
976 972
296 793
170 104
596 471
105 807
420 274
879 715
394 528
602 797
568 368
485 34
844 677
624 329
539 586
547 155
100 291
101 118
758 334
987 742
909 938
200 683
783 570
694 574
586 31
860 850
740 997
438 207
245 636
495 683
433 756
26 752
697 379
145 854
105 508
420 387
632 760
596 623
170 854
299 947
528 903
835 517
279 749
293 581
770 480
737 397
242 238
995 308
698 677
502 96
118 723
615 975
389 815
87 506
760 102
62 927
517 572
478 498
15 190
43 880
317 369
439 73
724 748
654 551
969 802
276 690
398 242
589 955
863 975
798 264
921 506
459 888
965 524
33 573
160 419
561 745
863 43
132 807
577 214
79 450
906 778
281 882
140 492
430 664
605 736
198 190
254 427
271 75
129 264
540 690
900 515
722 543
743 907
796 684
946 308
964 608
986 533
127 253
860 689
694 740
605 74
307 624
100 465
64 658
550 159
21 443
564 335
86 772
960 858
345 65
879 73
568 989
122 898
831 543
704 791
65 543
502 670
138 670
433 742
361 65
492 442
916 248
147 676
60 790
4 251
189 630
460 946
136 435
283 36
856 482
111 419
235 815
587 82
382 486
271 80
576 993
60 306
280 659
336 272
634 155
262 40
66 991
430 420
710 993
74 442
452 334
254 61
452 78
310 267
820 172
421 954
481 813
44 299
245 107
338 447
890 112
85 167
730 883
657 94
802 782
402 131
557 856
833 634
557 889
460 570
718 161
499 907
501 109
839 403
128 229
552 818
497 570
243 42
825 599
740 865
173 725
156 376
263 692
529 136
411 409
125 605
182 813
717 185
3 96
722 196
150 549
407 425
562 647
300 370
274 918
602 75
33 297
767 153
586 663
588 887
144 124
332 662
134 562
29 989
49 124
529 103
213 918
567 555
636 374
859 473
552 252
327 39
609 591
866 439
258 704
42 149
425 43
704 869
335 978
236 550
249 533
535 188
13 479
968 954
271 634
860 632
806 83
113 805
741 837
336 383
27 152
931 573
146 256
984 282
638 573
976 706
525 869
283 830
136 304
119 614
747 528
414 107
35 514
108 180
71 320
535 938
609 727
828 221
24 91
997 653
62 541
396 988
247 212
158 785
380 78
718 930
660 677
347 319
496 652
314 115
114 881
227 408
464 582
770 590
395 779
965 304
588 506
187 998
133 295
472 548
281 139
100 633
735 725
204 496
413 238
140 618
986 582
715 12
110 328
457 167
336 944
298 11
690 212
796 203
963 759
250 189
285 799
549 909
469 968
389 701
399 348
965 774
420 247
847 893
663 320
482 792
249 456
29 155
673 446
182 733
965 168
549 707
415 316
507 695
241 265
3 623
884 469
243 826
490 510
980 555
619 285
530 551
503 803
561 958
161 627
551 688
128 202
936 252
867 876
391 217
512 534
781 886
330 271
693 26
548 358
674 448
986 979
347 466
592 456
650 921
562 688
48 981
693 869
838 333
966 150
694 11
842 827
953 131
535 359
249 690
560 998
540 223
999 655
511 363
587 636
604 503
163 340
699 45
717 902
974 556
111 719
354 172
852 915
467 439
873 498
632 93
377 749
216 576
87 327
676 811
680 89
471 787
437 308
223 840
586 163
578 306
98 799
227 279
122 630
607 742
68 494
621 187
180 541
895 507
511 482
613 321
427 633
511 901
299 787
728 191
696 706
285 422
860 318
446 204
439 267
349 372
4 484
724 864
138 725
196 473
866 335
698 714
336 92
684 131
602 532
329 778
836 137
470 557
654 830
660 447
452 611
943 262
735 762
23 814
480 784
120 322
563 342
428 720
870 372
820 303
238 58
72 421
654 608
950 629
199 871
517 190
536 670
66 30
705 694
353 793
617 564
500 88
854 620
214 271
18 781
125 747
952 25
492 178
208 616
610 678
746 499
445 454
659 570
744 262
686 617
11 972
322 273
529 911
198 787
1 952
73 942
974 138
204 384
492 501
4 328
617 854
835 891
799 679
394 821
296 335
146 265
383 372
829 463
278 533
523 397
834 359
207 972
360 813
965 421
434 89
417 247
347 114
209 967
459 163
574 381
761 807
906 85
409 603
356 886
820 563
474 518
181 690
469 652
332 680
795 954
354 198
27 340
62 544
46 350
283 888
195 439
820 31
254 241
128 754
497 778
387 188
297 497
261 192
59 421
65 10
869 506
105 115
841 204
345 375
698 248
823 884
662 279
645 649
595 679
928 260
945 158
853 637
512 775
340 63
868 702
366 213
586 800
614 774
426 797
632 672
778 131
136 322
530 301
325 703
930 499
90 340
698 474
493 889
521 936
829 767
44 678
389 499
744 196
249 493
46 353
930 150
530 188
567 538
715 271
817 47
165 802
466 162
540 338
655 793
140 685
414 20
881 971
414 883
2 65
899 469
487 296
757 41
885 607
830 372
211 461
179 180
243 155
127 865
375 692
586 662
336 479
19 527
620 713
138 45
378 796
839 306
803 725
307 280
807 443
385 903
44 669
206 692
959 917
928 957
963 622
565 883
214 826
164 6
735 841
464 782
481 731
975 864
563 261
597 458
512 870
196 759
165 575
87 352
382 222
311 940
34 18
442 275
522 348
761 508
885 915
999 85
750 734
396 909
433 846
879 446
289 247
628 257
772 174
772 300
134 951
928 522
173 409
895 643
650 674
753 174
103 982
59 448
179 648
46 274
208 741
559 23
678 920
503 371
448 217
895 528
622 952
988 629
844 927
705 896
941 41
66 846
406 875
619 488
766 109
417 290
101 349
37 95
333 665
405 764
216 124
616 853
467 731
214 782
620 773
334 627
860 353
114 440
737 490
184 173
705 875
834 49
941 875
928 513
980 826
862 911
514 508
825 306
681 85
2 885
160 132
386 107
260 647
8 116
686 219
897 998
11 602
307 621
72 17
92 647
53 903
298 349
848 455
737 793
314 337
872 866
10 822
7 960
835 534
250 26
916 717
555 813
55 162
184 825
846 787
383 421
868 25
735 74
101 479
905 578
468 497
718 923
548 843
689 281
305 882
542 623
347 961
560 991
464 137
959 819
834 501
428 492
657 84
895 689
487 533
699 484
699 358
666 298
477 494
560 942
98 997
312 996
959 896
402 510
856 671
928 60
177 498
413 497
215 13
941 792
400 543
402 866
330 263
87 824
208 456
780 589
837 212
322 502
160 261
396 555
71 209
219 200
513 774
476 551
863 181
739 932
432 824
428 830
925 987
504 201
376 40
312 574
913 74
491 693
607 176
681 649
539 589
539 176
764 781
921 695
317 802
659 886
429 808
873 575
765 462
488 6
396 183
270 663
823 39
19 680
774 932
186 782
939 324
152 914
464 31
136 588
727 924
714 707
673 368
227 685
784 326
255 785
535 21
442 779
558 693
579 849
261 22
27 191
523 786
552 787
468 987
394 962
415 572
949 89
693 695
438 271
57 209
865 12
738 370
613 972
409 355
444 393
513 465
838 931
380 527
701 455
416 741
353 932
475 447
790 395
186 934
183 998
409 412
134 590
561 754
449 757
949 379
219 824
565 786
312 315
699 953
739 139
995 680
904 554
1000 232
963 341
798 386
143 547
949 582
19 440
273 123
464 260
535 18
657 217
387 143
651 196
856 935
708 840
766 756
417 206
861 533
271 74
223 751
2 55
594 6
384 192
336 282
228 792
615 412
157 260
158 658
195 676
949 685
640 343
831 550
925 143
681 846
460 699
775 473
19 532
500 927
597 155
28 886
358 542
548 109
306 495
444 980
898 364
165 864
854 885
689 117
919 185
500 782
763 22
639 683
307 585
988 446
698 193
423 963
789 246
350 553
539 377
111 607
717 869
923 880
243 64
941 695
512 645
624 847
342 518
445 306
681 152
645 403
973 672
338 118
526 991
375 31
252 386
895 708
513 720
18 142
643 340
973 91
439 148
51 304
478 337
273 166
816 341
615 490
84 40
584 603
434 350
567 327
407 623
203 976
247 659
666 853
369 883
476 416
47 850
360 590
321 397
393 8
502 506
493 135
58 107
131 339
577 167
549 524
460 938
447 782
251 957
303 217
452 295
871 282
989 882
130 242
114 683
513 230
423 813
906 846
430 428
416 400
487 336
291 998
36 248
147 288
108 49
59 386
546 890
133 3
559 81
101 478
673 98
798 1
984 562
967 634
776 533
943 361
918 304
242 506
558 795
214 7
67 339
636 731
765 323
632 381
377 82
612 543
835 14
367 923
423 270
766 18
825 751
193 183
526 115
206 279
603 153
893 716
516 77
934 244
791 256
336 954
392 70
943 14
278 107
894 141
641 162
823 147
255 422
898 198
311 496
624 731
285 909
528 829
212 107
316 534
512 433
967 627
472 163
433 819
254 191
291 435
184 652
539 872
953 967
995 708
816 210
101 296
466 672
103 321
730 302
604 990
897 55
36 453
936 246
402 261
114 110
96 749
493 955
795 230
136 425
66 461
231 927
430 693
950 524
342 555
59 324
400 819
438 320
42 98
101 639
282 315
263 367
712 684
548 50
89 335
271 864
147 302
458 498
520 329
901 28
367 646
49 659
904 829
742 781
985 520
522 242
415 319
416 631
851 947
718 700
844 591
138 406
39 736
42 132
478 814
180 348
445 73
999 742
215 696
925 778
213 221
568 452
753 547
682 859
394 607
16 113
997 295
475 579
682 689
347 920
37 178
941 133
427 982
29 822
600 878
820 156
948 73
114 209
400 244
390 248
737 96
520 368
405 748
444 229
709 703
394 356
676 965
842 870
426 213
447 543
186 831
359 492
7 37
258 360
999 369
770 667
859 114
301 381
292 605
459 874
464 232
385 935
394 904
999 620
945 829
929 526
678 352
492 293
350 927
166 824
617 447
500 82
429 991
29 378
692 688
904 550
469 115
569 157
309 47
636 363
849 924
773 107
777 981
617 22
893 886
329 990
770 812
250 384
336 21
496 723
85 659
605 742
332 423
246 510
818 727
357 356
693 527
134 685
605 20
823 924
165 76
747 522
44 915
133 593
45 945
301 455
216 898
29 409
128 7
289 381
400 792
894 948
916 891
537 711
999 638
743 47
784 190
470 890
327 551
203 541
420 237
477 513
560 917
978 124
579 454
559 681
466 168
466 757
414 877
636 274
753 18
91 599
19 745
441 286
367 855
261 523
79 276
686 292
798 584
414 160
503 777
507 80
952 685
995 487
830 889
651 12
64 994
928 316
891 205
765 796
741 304
698 97
511 521
437 865
537 945
171 988
790 996
959 346
616 564
727 675
891 746
69 815
767 10
79 212
489 863
218 880
844 87
420 20
422 752
69 277
834 656
392 419
593 915
138 708
584 471
71 102
697 339
936 74
383 570
593 31
108 63
79 934
170 910
281 334
615 255
601 564
946 402
857 418
214 572
470 938
465 80
612 518
666 293
333 998
169 123
333 162
876 759
673 112
175 608
604 552
717 316
853 159
539 222
667 968
247 864
228 223
266 931
249 745
44 456
433 352
571 915
660 172
509 722
440 914
980 422
222 334
648 801
385 909
596 667
59 677
979 260
816 930
783 296
380 692
94 691
754 99
97 544
369 827
116 238
151 498
445 102
928 790
194 253
214 829
250 443
696 871
507 135
733 446
626 216
199 518
616 379
285 139
423 473
317 172
832 325
43 457
231 945
569 661
808 752
354 373
718 118
70 944
133 708
540 132
121 319
946 239
935 73
944 376
586 787
953 748
511 219
612 791
441 123
974 518
297 804
796 480
245 614
946 1000
917 67
821 12
144 519
839 777
571 928
571 26
758 970
517 550
989 965
794 375
526 583
49 321
354 915
529 191
146 934
759 679
827 830
718 206
349 633
830 473
905 441
941 992
449 639
33 821
893 124
894 271
16 618
787 6
823 785
863 275
336 898
206 781
635 685
83 344
373 425
36 192
504 440
106 603
878 685
216 600
676 920
489 818
108 716
382 441
130 777
865 286
3 123
331 422
111 988
62 730
122 884
411 487
859 275
52 290
363 386
111 842
311 169
558 441
171 270
390 397
76 346
47 164
362 283
434 235
276 319
457 544
250 566
385 758
225 153
423 794
943 187
724 181
672 600
360 437
411 474
839 217
678 217
203 244
729 702
407 486
869 695
393 921
502 277
585 551
892 677
948 58
949 367
110 703
390 652
19 230
821 804
131 996
114 805
297 323
772 343
320 295
587 851
874 591
13 391
416 325
895 87
769 156
933 374
37 257
336 641
133 1000
208 620
852 973
592 605
380 26
23 506
657 380
531 829
825 677
419 811
3 725
426 578
316 130
101 916
734 374
30 696
303 367
378 624
532 337
146 500
132 167
458 534
603 690
182 226
585 99
307 366
628 391
847 829
494 896
939 334
464 25
536 845
302 386
185 970
195 411
682 149
527 968
950 212
182 26
292 73
847 281
740 229
175 455
724 84
733 92
873 553
430 219
529 757
472 931
415 397
861 205
644 483
916 264
477 793
115 10
251 141
351 864
615 930
308 250
873 90
614 931
656 752
789 956
851 69
661 550
852 359
690 326
157 162
747 379
267 942
783 323
296 196
934 944
149 600
438 1000
209 807
120 744
763 27
319 914
799 73
468 885
213 609
986 445
414 930
382 366
325 164
598 48
879 540
994 896
43 84
600 399
303 531
780 413
139 495
840 955
755 807
16 114
553 903
876 760
725 296
423 541
439 991
777 564
410 708
635 783
834 341
48 488
410 707
432 450
783 412
540 620
895 173
330 667
410 121
476 27
114 306
502 822
119 877
579 667
361 634
515 570
577 347
308 374
384 736
130 479
222 873
350 290
406 112
357 718
600 931
936 168
503 832
821 453
843 533
843 88
860 986
393 663
132 801
521 281
79 602
770 700
261 30
172 623
912 607
985 191
120 848
388 801
571 818
9 153
664 890
516 256
385 722
632 174
170 661
889 142
561 665
198 695
872 452
417 190
974 633
347 189
311 484
347 983
832 181
409 356
444 624
997 486
893 863
195 564
416 498
396 755
661 260
382 18
191 159
195 908
338 341
211 161
540 465
468 891
305 303
171 84
255 232
179 966
278 501
926 382
350 99
610 706
561 126
957 229
56 145
136 974
235 372
655 731
111 553
918 167
756 495
601 735
207 399
59 555
754 958
305 693
391 846
527 397
416 410
382 116
241 832
347 633
828 374
404 30
317 759
265 318
877 752
640 734
750 169
472 164
879 80
898 69
216 162
42 168
386 450
403 15
83 499
929 627
426 501
485 401
430 569
342 506
14 583
91 749
257 978
183 979
133 634
641 23
62 713
396 387
447 684
536 275
113 523
657 909
166 328
794 26
245 193
264 907
228 324
247 919
197 185
415 246
844 62
916 659
180 50
61 239
262 367
264 26
447 124
216 766
912 363
541 687
215 575
808 599
239 323
926 563
341 155
369 702
725 510
122 744
873 683
855 527
624 751
391 57
349 3
548 879
186 809
939 903
27 217
871 448
358 157
360 641
658 88
568 987
953 262
424 553
857 802
585 931
338 979
870 824
908 912
910 980
16 280
90 819
472 362
836 418
807 372
521 554
904 120
5 592
45 110
212 703
530 667
307 558
14 678
380 501
399 523
289 147
238 911
332 542
684 331
477 451
208 89
8 6
944 408
797 923
225 80
309 976
368 671
103 912
404 98
243 58
856 716
632 965
617 348
943 417
526 123
195 191
502 155
460 340
198 152
163 989
689 225
735 67
314 141
137 762
320 54
377 75
855 496
985 337
472 711
624 393
297 518
825 203
59 403
529 707
319 408
836 886
216 716
13 126
137 268
986 580
684 143
404 52
670 652
449 346
875 98
503 829
930 267
371 955
11 600
992 395
45 99
424 477
595 291
922 490
597 753
753 31
712 581
214 384
430 701
969 551
56 542
878 593
38 871
610 380
848 31
827 935
761 786
699 322
744 395
459 667
282 259
410 380
728 751
694 452
396 319
986 766
664 792
238 814
496 787
584 628
262 933
910 593
767 456
492 955
529 843
515 320
974 231
297 412
820 304
390 436
249 320
29 359
908 305
488 786
89 431
892 177
625 624
953 99
789 333
666 402
128 41
478 929
11 190
486 518
603 312
654 932
489 392
642 395
588 774
516 624
197 742
558 602
426 379
262 598
728 758
360 507
417 794
697 471
270 299
783 285
768 118
314 923
559 675
561 66
380 576
843 156
626 173
434 903
522 983
219 465
682 20
166 141
940 637
80 462
208 659
444 364
48 82
345 882
16 1
325 996
52 812
715 164
715 830
904 166
24 550
385 656
668 988
775 487
891 304
396 173
561 835
841 81
605 152
990 896
825 162
2 267
203 210
424 644
659 679
311 623
16 270
319 253
673 470
605 915
586 688
719 201
826 131
17 104
174 760
843 678
170 440
423 606
475 45
104 159
195 432
893 185
197 476
127 448
740 671
241 751
666 952
333 89
101 331
999 524
102 924
764 272
548 270
125 896
765 394
460 338
441 142
741 864
777 191
597 652
564 304
854 447
712 634
680 210
673 442
531 319
71 142
714 230
130 819
147 470
113 412
70 318
586 264
38 150
410 329
530 871
859 618
343 693
103 363
402 191
332 682
276 740
775 872
867 795
7 386
872 324
619 720
621 386
949 192
858 840
493 783
574 759
406 837
116 224
389 25
764 193
466 247
430 622
643 942
394 461
796 638
525 408
912 414
491 917
193 675
660 875
303 538
347 560
926 915
459 90
400 794
371 268
615 586
44 961
848 371
89 348
271 315
826 453
900 262
739 310
151 977
120 901
925 223
148 135
783 156
852 405
698 741
287 810
535 506
735 371
24 321
795 767
872 932
616 360
816 442
215 431
621 886
597 910
559 138
608 436
536 145
699 623
645 300
974 114
298 755
922 457
62 502
262 675
835 383
11 218
104 792
26 745
222 288
753 877
717 308
755 65
645 445
171 973
336 465
172 290
446 431
144 575
638 782
839 300
105 38
434 613
985 481
753 766
220 54
757 675
994 695
314 488
98 982
105 972
151 178
375 769
305 845
214 129
696 53
327 855
916 397
740 486
194 958
354 979
206 112
974 34
763 239
818 5
34 161
307 69
199 356
868 53
493 508
310 210
528 438
295 767
59 862
995 976
555 580
279 422
601 950
964 75
361 327
893 422
413 694
571 641
772 774
252 962
663 284
666 96
977 364
393 919
263 772
5 102
378 805
489 766
441 284
290 505
899 39
358 654
650 73
999 675
194 861
798 538
820 502
125 392
586 874
861 670
342 432
588 519
900 376
420 401
97 228
619 931
171 736
831 27
227 466
435 265
449 966
528 55
106 890
106 859
513 157
649 679
860 204
899 699
992 887
673 601
739 79
632 268
333 802
944 746
429 931
213 695
918 618
309 552
852 334
220 706
607 982
485 671
388 67
317 729
230 26
310 646
969 327
676 605
163 47
660 759
183 709
493 866
538 500
42 369
655 335
460 365
775 283
887 54
9 771
746 627
775 622
391 530
747 285
179 930
806 56
361 677
641 150
216 306
94 917
280 437
9 217
411 88
946 874
871 580
231 533
452 777
825 676
420 645
535 118
973 668
796 296
228 877
673 90
250 580
948 456
420 640
459 34
314 985
789 660
560 102
211 339
545 524
476 146
984 593
592 510
569 211
357 443
3 575
133 282
985 3
416 770
660 621
883 703
493 748
21 762
388 787
43 549
906 336
434 154
128 409
842 629
534 210
15 26
919 353
666 43
64 163
64 92
834 730
504 938
953 643
654 924
966 978
606 800
111 500
59 47
149 348
833 763
613 850
373 387
185 331
566 453
859 510
940 142
882 164
419 167
174 841
59 165
151 914
828 230
475 681
158 277
859 757
161 602
860 407
511 816
699 696
685 81
960 139
227 457
746 756
176 47
529 343
694 746
255 992
889 793
934 261
916 272
245 881
133 671
668 497
66 927
873 917
638 265
750 590
548 17
414 605
879 545
915 88
438 169
592 384
404 422
471 187
120 641
445 185
291 693
172 855
729 668
472 201
987 119
626 781
627 28
314 545
280 398
495 340
461 356
617 214
673 271
251 159
255 792
982 117
182 93
536 76
203 532
189 975
338 234
945 929
710 82
747 996
434 729
177 881
382 950
203 767
699 665
757 930
8 131
649 887
743 595
925 471
176 181
231 970
287 505
531 960
128 963
13 955
755 756
645 745
535 242
846 150
170 549
715 25
800 65
707 259
945 711
13 910
362 461
624 40
767 688
916 448
8 18
652 811
264 252
263 92
656 927
246 646
565 274
515 613
535 37
179 52
358 691
172 26
391 365
852 631
585 745
231 114
820 320
626 225
624 278
19 918
699 244
131 688
617 505
980 752
710 996
345 944
753 828
293 971
936 801
350 386
405 34
666 342
906 729
45 123
302 556
528 91
359 517
765 514
145 580
876 523
289 423
236 285
770 440
308 166
516 605
187 473
85 21
293 137
913 266
416 814
842 77
457 41
730 183
494 731
336 822
56 870
64 453
667 609
157 824
229 923
195 176
289 811
416 669
73 25
897 84
113 623
612 519
520 600
260 457
245 192
282 890
673 909
83 349
196 337
89 364
823 148
58 286
866 12
520 551
460 304
132 153
635 130
636 614
756 665
487 878
965 647
184 338
404 245
132 337
922 957
706 532
263 82
135 252
747 826
879 558
733 729
160 853
616 736
268 142
9 231
429 479
359 736
432 736
531 285
435 240
291 87
690 374
104 723
282 318
980 329
999 415
656 15
530 466
649 807
607 159
666 818
979 858
777 123
851 531
504 647
467 176
311 40
392 980
622 903
696 442
238 506
110 166
402 807
832 10
861 633
780 993
85 492
950 609
31 647
552 803
771 185
661 826
332 622
494 741
333 131
868 69
885 929
464 968
946 827
298 425
182 359
147 118
538 688
577 32
560 88
869 381
301 107
449 98
521 542
250 629
821 271
343 656
216 887
823 234
844 762
42 877
8 618
371 782
899 171
211 953
530 348
951 812
332 792
972 201
439 786
375 959
632 425
905 256
601 603
467 956
673 249
375 266
202 109
956 641
370 802
860 950
844 984
613 500
614 23
562 732
415 851
411 200
488 742
175 590
419 933
252 505
968 570
237 544
679 419
563 593
369 51
890 954
337 74
941 793
598 337
446 962
694 627
594 543
571 138
55 21
661 618
945 308
216 374
957 462
733 338
134 209
597 935
983 36
986 504
913 936
859 41
254 175
54 397
934 61
592 164
143 865
189 575
422 153
100 923
945 287
175 486
175 797
52 233
309 198
402 936
934 593
216 784
794 204
354 465
481 223
300 450
193 152
371 401
542 229
820 291
125 638
772 804
475 940
846 77
899 635
100 172
862 532
727 218
605 232
641 797
273 814
311 786
665 880
207 685
44 257
134 200
375 67
820 991
503 669
14 696
606 509
507 771
460 865
147 175
612 972
790 556
905 709
488 527
546 462
393 486
764 610
362 52
694 803
638 167
36 39
848 40
244 403
940 90
135 813
134 831
310 953
726 805
613 301
250 543
529 693
624 288
843 251
992 671
935 337
718 99
791 891
743 487
595 980
407 114
377 93
567 399
585 91
948 89
876 462
626 962
244 779
837 386
332 889
833 676
817 159
338 400
694 193
711 703
855 954
869 593
553 805
952 139
537 598
956 723
424 274
243 104
812 911
26 201
489 486
708 422
861 849
984 902
783 318
416 856
435 164
128 210
717 251
402 359
403 399
757 36
705 70
226 428
119 634
119 161
410 295
391 779
948 352
604 230
179 542
92 453
330 694
207 377
602 961
746 275
635 234
638 797
677 915
182 242
681 126
536 930
611 294
403 365
302 527
616 240
444 569
741 865
121 983
140 149
712 238
831 506
715 267
182 109
804 458
636 457
460 473
387 971
100 123
597 803
267 282
83 265
342 40
359 519
842 154
770 175
769 861
256 451
103 505
460 99
84 54
189 102
186 863
165 37
247 976
699 622
549 793
94 949
626 613
684 608
269 668
183 482
288 36
655 116
226 237
337 483
852 326
662 51
904 342
802 623
305 141
349 200
860 883
708 551
600 785
957 713
993 248
187 161
794 507
536 707
851 573
121 114
595 497
32 525
415 975
563 665
76 356
222 479
313 609
685 574
409 213
951 751
766 792
305 367
472 969
52 826
755 979
737 364
719 971
845 453
261 817
959 591
639 940
468 42
821 191
161 902
55 652
215 640
96 451
267 192
796 824
429 961
657 531
451 364
342 344
953 754
240 323
277 40
794 450
208 737
686 204
134 761
946 998
764 865
823 66
322 377
511 387
144 773
951 774
517 340
171 819
311 338
314 754
645 606
995 537
673 705
908 635
467 413
983 732
359 102
677 306
421 20
490 412
610 887
457 450
349 784
791 213
351 440
333 808
669 67
317 622
625 591
267 755
16 167
434 650
625 338
753 869
241 499
61 408
115 422
795 533
388 69
209 544
172 684
673 846
673 497
107 483
215 963
277 881
823 213
53 778
757 683
70 609
582 679
668 711
795 457
797 954
925 644
466 321
278 408
293 593
940 960
451 977
532 419
398 766
610 927
292 530
258 85
900 644
101 366
428 210
910 224
179 973
915 544
347 34
414 966
280 692
906 997
429 109
553 365
585 290
291 961
291 20
147 507
650 124
747 387
648 683
100 643
4 560
765 612
128 919
133 302
39 864
260 6
388 467
269 665
283 175
963 10
191 933
765 453
986 425
401 88
636 308
668 896
133 982
812 874
707 954
134 890
528 909
726 992
489 461
270 273
56 897
268 523
384 47
125 625
721 221
577 112
444 458
651 412
979 123
854 558
12 543
985 219
567 463
843 846
682 631
664 150
240 627
666 646
558 61
465 274
407 198
514 63
219 402
828 432
476 329
791 457
632 377
246 969
62 714
951 877
934 526
538 367
39 675
211 303
957 786
790 654
659 927
946 8
981 427
604 918
406 206
628 496
516 442
827 266
827 998
705 60
460 152
445 846
50 363
292 560
837 701
14 907
860 370
482 938
420 142
391 439
322 558
479 932
946 822
998 518
872 213
16 379
988 252
136 762
622 993
804 748
769 294
474 36
516 131
97 746
590 442
651 774
728 606
859 756
734 654
610 936
458 141
263 241
334 792
298 466
262 163
330 850
29 684
504 248
394 436
50 713
89 495
839 636
628 753
648 36
960 374
136 280
101 234
305 647
884 573
126 553
786 462
827 205
466 399
394 500
615 42
884 656
833 870
175 334
852 240
136 610
911 634
491 560
536 478
461 984
202 328
923 719
390 726
230 159
569 410
326 372
438 903
721 183
995 464
730 155
118 703
800 706
466 769
621 662
52 183
604 612
546 356
309 341
476 971
763 947
439 107
8 992
957 746
669 501
743 25
85 766
331 77
252 275
983 691
290 623
789 273
29 121
349 175
97 481
650 585
538 644
209 306
500 599
943 237
726 727
359 527
949 731
439 363
422 318
4 429
579 988
619 667
891 990
563 621
749 20
287 853
269 346
145 753
715 870
589 961
531 376
97 24
493 159
866 649
816 708
428 173
35 458
842 510
360 661
659 731
72 415
254 875
244 21
699 234
438 370
455 688
317 644
949 659
798 839
105 217
198 942
396 277
127 230
823 837
366 607
497 732
442 634
631 822
744 288
390 128
411 269
322 736
676 279
569 315
587 180
916 517
258 586
151 792
99 703
963 408
305 915
613 921
971 456
476 663
60 809
225 527
885 990
9 688
619 545
728 877
820 328
270 643
125 601
145 635
476 985
530 351
828 408
538 687
705 725
800 847
563 861
714 653
548 452
532 683
609 47
940 34
297 721
264 711
728 481
528 654
984 448
582 751
490 956
71 815
693 670
43 665
938 792
616 310
425 88
29 437
267 150
146 436
87 180
531 175
532 39
860 929
516 835
994 930
994 495
171 879
99 282
228 929
502 757
308 294
416 24
987 180
770 572
765 401
475 527
579 350
1 849
470 578
728 907
765 89
959 27
163 935
76 508
738 91
556 54
649 39
338 864
333 223
194 787
950 867
345 485
250 654
754 260
241 276
79 317
818 344
980 997
460 241
345 675
342 959
798 325
309 312
572 325
186 622
705 566
175 576
844 879
416 231
111 523
825 450
360 152
706 252
496 911
997 545
944 691
542 274
230 527
628 15
875 326
126 955
234 488
885 672
904 725
361 253
666 759
906 12
672 135
564 544
951 284
503 654
884 572
842 890
536 1
459 921
776 506
995 718
338 746
322 858
410 533
319 637
27 759
734 169
537 755
371 389
626 575
247 384
48 802
503 609
83 315
91 457
613 267
928 828
314 815
179 39
939 234
245 218
100 166
541 968
400 54
504 401
508 720
345 582
15 191
108 45
259 745
150 701
925 249
391 118
305 814
289 724
267 379
472 169
936 88
419 652
615 995
375 829
444 343
869 583
652 623
394 498
487 403
91 337
820 54
113 279
501 864
885 12
64 919
682 36
470 308
535 523
199 865
401 348
481 977
66 804
63 315
138 53
964 249
324 131
35 573
949 262
448 285
127 734
130 942
292 865
739 699
848 748
796 836
243 191
910 403
71 696
34 981
532 84
418 372
789 867
349 54
645 598
904 104
776 829
120 802
209 748
108 810
943 691
378 45
379 169
969 582
949 109
806 40
553 218
592 998
644 679
206 546
995 483
559 540
640 681
834 959
136 918
534 982
231 903
154 109
843 250
2 556
337 95
264 188
862 221
571 996
816 403
869 802
215 499
821 655
30 268
116 641
479 432
905 636
769 497
564 573
799 123
414 224
749 82
454 685
770 802
674 510
536 22
536 484
576 253
387 187
650 745
283 65
601 218
703 629
30 256
289 855
842 144
733 735
642 551
536 634
127 880
558 763
211 451
673 124
432 889
360 742
895 405
843 684
950 576
755 574
939 827
55 868
117 911
897 668
981 822
946 248
134 534
548 81
128 497
311 908
847 861
331 436
777 380
371 749
559 4
891 41
999 264
433 721
557 333
851 792
492 623
183 784
113 169
209 267
796 969
844 607
428 563
885 205
460 92
158 418
694 818
951 367
599 523
669 703
113 137
900 575
904 997
441 609
391 180
546 304
29 479
8 711
489 948
445 497
950 603
972 634
347 562
610 286
351 474
499 453
851 24
83 335
172 703
656 90
214 285
14 174
624 25
106 555
187 822
369 175
287 792
469 653
851 572
249 36
85 91
741 683
738 452
493 774
561 44
579 87
232 785
625 280
333 43
306 372
894 589
106 628
309 366
454 324
349 637
481 250
58 259
86 946
926 546
139 348
858 457
411 403
513 741
636 495
668 395
2 387
765 352
280 438
856 541
298 221
9 902
529 933
263 777
594 724
744 688
125 754
400 202
556 442
994 693
900 836
225 785
686 646
393 554
410 456
989 217
289 598
575 284
760 902
398 131
147 641
421 701
940 936
795 352
464 523
211 105
643 479
494 410
872 364
375 260
157 352
377 399
930 755
237 162
39 153
537 887
642 977
429 685
937 410
61 324
367 150
385 867
426 779
651 901
602 22
413 74
570 63
383 54
301 498
22 647
494 576
349 792
605 82
872 443
916 624
393 998
362 301
909 523
531 461
255 870
606 26
899 995
130 105
132 840
151 683
226 917
728 12
246 623
526 589
228 878
655 875
750 634
269 882
940 312
322 376
186 550
777 217
539 232
659 386
413 210
227 566
197 555
610 693
735 592
42 57
79 865
425 778
172 863
559 797
946 595
302 192
535 203
108 298
490 253
56 832
38 5
731 971
167 483
577 408
892 828
524 124
854 758
545 762
930 651
643 907
145 276
991 118
481 745
557 936
203 239
941 958
19 718
526 137
1 431
572 551
342 53
125 157
145 677
94 143
222 917
867 141
245 225
245 348
835 340
114 576
712 671
586 28
712 73
515 809
220 731
945 317
443 201
943 436
101 445
310 183
68 626
467 107
418 39
584 547
470 151
548 966
94 771
357 225
541 139
946 912
466 893
985 1
966 109
656 797
597 201
404 569
607 341
326 853
367 463
758 286
405 665
941 492
373 367
553 809
504 242
910 837
68 104
358 843
876 935
270 281
147 78
603 707
663 611
5 751
246 807
815 519
300 395
852 770
49 506
158 676
171 621
640 349
4 854
534 67
476 466
475 602
666 654
848 549
539 318
480 527
240 829
800 915
429 495
255 294
452 603
362 623
309 681
273 312
826 190
439 335
425 581
334 675
117 81
45 724
639 17
528 306
247 722
280 857
753 38
582 381
2 137
699 533
704 787
425 534
288 589
619 573
446 683
285 321
288 325
993 372
842 161
199 913
607 20
863 190
369 942
18 421
922 121
724 634
563 841
305 646
657 169
750 51
707 372
287 339
146 194
754 996
349 256
487 643
99 479
615 496
907 315
602 551
803 167
624 504
536 916
60 647
258 752
666 245
680 560
243 860
45 152
66 113
125 426
897 47
309 158
96 473
737 296
499 25
520 989
800 855
5 320
227 903
820 524
963 881
711 968
395 883
92 978
552 643
789 431
699 212
719 162
975 84
543 993
511 25
689 286
272 546
103 580
640 299
183 443
825 814
800 61
790 861
160 830
115 855
995 177
426 291
515 867
302 555
488 931
196 508
658 323
531 51
235 414
347 525
554 112
455 582
790 886
419 580
739 50
957 256
551 599
279 244
707 95
94 479
904 392
140 94
503 858
396 637
381 911
388 701
498 224
338 308
140 588
953 756
754 832
148 779
813 31
298 534
203 829
19 920
308 769
707 519
423 816
64 383
165 833
432 499
413 143
172 671
658 244
384 955
395 153
42 715
741 560
176 1000
620 54
656 418
490 271
400 736
494 622
245 760
460 855
209 315
134 719
502 576
11 461
254 335
184 316
250 547
80 40
280 37
775 299
724 544
227 336
585 811
558 781
307 438
623 201
309 422
696 260
648 474
170 73
463 374
763 257
29 146
655 194
472 764
770 981
144 196
147 482
111 936
442 191
595 111
133 212
120 15
860 592
730 176
472 619
888 692
941 475
1 513
182 181
111 785
663 702
43 36
349 920
834 809
552 494
467 487
428 935
399 961
51 864
76 543
992 496
576 581
603 326
522 385
659 80
280 481
134 268
120 299
206 978
176 205
305 593
341 824
825 451
20 633
383 295
539 693
445 582
922 93
262 31
199 190
479 200
526 456
912 769
480 473
15 774
7 965
716 506
130 962
989 590
187 799
464 981
538 550
500 315
836 276
394 651
567 337
625 829
19 282
297 896
521 124
172 142
118 164
500 871
671 88
696 352
693 560
123 901
237 482
694 398
186 609
274 809
350 91
541 207
268 346
489 387
452 273
199 882
241 927
311 596
737 421
310 849
355 887
151 576
835 295
908 471
967 727
34 81
732 376
535 958
2 902
663 351
314 152
667 920
906 44
270 891
398 527
38 952
402 233
421 801
668 519
318 583
529 688
673 692
411 93
484 573
361 32
587 593
624 200
471 191
255 370
728 252
833 910
908 562
211 36
177 662
897 180
487 490
624 308
567 510
402 629
4 798
904 260
990 123
980 736
466 35
157 253
925 849
289 634
548 498
513 560
787 81
128 493
717 816
187 720
940 132
963 486
29 494
490 355
18 436
953 572
823 729
919 453
828 817
722 793
291 461
780 684
603 652
428 927
522 28
769 840
238 527
314 836
481 769
62 786
174 168
638 902
413 294
35 687
14 977
733 455
990 462
994 104
290 809
928 475
671 785
606 979
198 801
490 782
628 997
228 397
187 745
130 741
58 996
559 113
136 697
263 35
216 274
694 333
859 117
699 422
546 845
186 649
831 251
707 41
726 968
565 907
362 160
605 356
550 26
99 159
862 934
520 89
4 202
377 755
577 822
172 238
136 919
598 246
411 216
928 237
488 352
362 51
407 702
182 773
674 20
844 197
682 248
202 853
666 606
960 970
83 320
99 917
68 353
195 635
507 374
739 707
659 40
973 109
167 954
277 27
116 117
484 558
744 267
66 874
377 204
285 691
513 261
85 857
127 24
565 792
539 914
916 552
132 418
600 244
925 678
672 886
82 695
99 335
402 920
186 470
773 882
833 452
208 540
635 391
212 519
177 697
105 932
415 761
343 12
642 408
178 954
267 230
113 401
956 819
645 771
596 282
373 111
861 221
96 139
86 155
434 408
567 854
268 960
548 663
789 328
94 920
254 804
673 743
945 525
216 224
479 782
219 694
273 498
457 109
228 395
539 833
314 27
940 622
939 837
62 692
912 957
171 970
892 867
624 828
586 975
553 957
53 991
185 814
242 104
378 107
297 517
406 161
664 228
852 465
393 793
838 275
55 408
531 914
324 340
313 141
699 366
515 259
332 70
848 579
995 353
867 692
227 203
444 579
29 321
655 582
126 37
400 212
925 91
571 779
778 31
373 25
673 760
171 873
216 754
553 260
684 864
37 685
186 105
345 824
816 224
363 463
726 989
764 474
470 929
14 514
146 193
147 53
366 427
645 297
719 822
835 124
664 46
284 573
359 870
195 705
68 593
343 727
180 43
329 727
57 274
844 703
771 745
846 175
830 653
336 911
775 145
444 850
728 96
835 836
710 805
177 287
604 869
373 302
473 80
420 6
540 842
171 34
959 453
561 926
375 727
138 185
945 575
985 45
270 801
306 550
865 711
359 256
684 279
758 266
614 527
64 407
657 297
966 113
603 826
555 25
965 266
569 644
414 981
182 886
879 340
536 155
221 95
296 810
758 878
500 711
411 164
714 553
967 427
553 499
511 544
755 570
515 944
198 993
470 520
392 952
62 591
411 341
281 527
203 284
270 953
714 339
365 742
726 696
204 799
904 189
460 830
444 155
941 425
449 993
998 679
818 501
571 957
809 864
790 194
521 814
42 260
406 877
615 859
710 574
592 462
916 262
630 646
225 157
460 599
940 75
635 419
265 583
624 785
489 347
988 811
704 662
847 53
79 864
568 351
202 716
579 680
86 517
640 804
948 685
878 799
148 815
42 803
848 882
24 159
446 320
616 675
673 643
585 463
416 345
199 454
626 878
241 212
104 762
350 139
426 110
740 178
50 383
68 98
270 674
245 323
187 675
454 229
755 629
292 221
111 379
849 339
540 689
535 698
390 107
712 85
394 940
197 216
642 119
509 769
458 295
936 840
242 329
522 218
101 285
454 519
869 700
257 716
926 877
68 331
382 224
434 960
895 262
537 913
195 117
266 778
744 341
355 139
696 118
804 620
90 107
879 90
656 510
835 701
298 347
422 977
592 876
560 749
351 223
244 315
262 174
839 461
486 903
400 815
859 878
512 790
642 776
330 525
37 27
437 802
834 564
243 978
393 241
394 193
94 68
198 955
197 234
610 675
183 18
165 547
42 40
388 60
120 637
512 467
658 334
272 439
899 31
296 573
207 210
973 189
618 224
391 950
945 603
784 845
197 995
401 82
538 372
667 341
303 851
798 375
525 741
503 393
656 801
859 871
677 212
716 932
203 763
990 933
284 768
423 829
969 692
487 596
705 501
769 690
497 731
698 584
417 185
553 532
76 781
901 647
884 321
557 293
561 757
38 418
740 152
245 205
947 716
43 918
274 5
574 77
496 570
741 670
227 581
407 805
831 962
563 614
838 582
714 13
564 773
511 826
934 574
645 238
567 364
557 455
99 188
906 321
136 422
908 93
311 240
837 284
639 117
199 131
395 907
2 48
332 980
42 395
758 408
618 582
913 816
804 350
648 666
314 58
770 960
664 237
24 802
258 898
562 981
528 658
178 970
712 217
604 644
606 672
2 233
439 348
176 861
173 837
521 164
963 1000
466 688
195 969
472 66
571 990
291 272
590 265
313 662
299 178
479 257
689 389
49 968
616 496
378 443
90 954
641 58
326 508
771 257
807 583
427 993
480 275
783 51
52 47
567 301
1 670
211 163
445 541
617 52
951 38
342 399
72 170
989 748
404 294
405 144
641 880
905 677
210 829
360 393
50 212
910 93
317 989
309 889
185 192
311 720
292 550
494 734
812 762
29 224
950 736
160 881
391 588
594 558
697 78
94 965
790 550
478 178
903 456
796 262
829 886
139 720
890 756
13 556
50 822
490 811
289 921
122 975
627 77
331 412
24 435
151 105
390 995
393 528
926 650
266 443
322 761
289 10
859 479
271 325
682 995
663 242
288 954
918 675
836 710
726 598
513 336
252 572
788 350
507 931
999 920
242 189
995 457
794 683
227 486
764 621
411 255
450 942
326 947
594 782
4 358
62 436
887 886
709 551
891 745
231 295
140 947
416 428
16 225
162 190
733 108
571 369
303 278
350 830
442 762
103 704
617 723
445 218
874 956
358 499
13 65
344 808
531 508
492 526
788 35
122 680
120 28
673 296
160 784
110 942
825 34
454 364
664 811
990 306
567 981
574 248
99 261
904 537
317 572
502 706
724 849
45 161
412 41
552 43
293 786
611 117
699 743
775 755
45 413
470 790
943 585
412 109
106 192
732 711
252 364
309 621
100 379
257 543
898 519
520 131
61 253
120 92
488 896
252 22
872 518
163 341
733 150
490 807
29 665
3 627
649 191
116 581
725 593
945 283
546 443
360 175
29 397
126 667
92 799
625 627
571 84
505 340
935 26
349 542
631 395
597 911
851 452
905 809
928 871
678 282
565 638
250 965
414 74
768 325
625 716
572 384
627 736
737 445
132 212
9 504
839 951
185 608
488 205
276 323
16 223
470 278
493 324
126 346
846 723
653 917
103 876
393 523
219 39
780 734
730 849
51 333
255 658
493 213
974 235
540 927
208 656
407 144
916 691
528 959
449 154
123 914
713 323
911 864
56 973
465 193
449 805
370 669
721 131
208 405
243 579
905 637
373 294
601 597
49 432
893 90
470 446
843 688
420 711
537 363
411 575
44 98
369 917
445 713
209 448
302 152
101 509
804 813
894 380
208 960
643 69
682 564
628 339
791 11
516 416
743 808
887 647
