1000 9873
323 130
786 534
881 668
831 176
206 717
233 657
658 867
627 321
630 672
683 729
305 888
459 160
221 113
83 780
955 984
360 955
942 438
622 55
918 465
248 828
100 805
639 656
218 424
293 442
978 882
121 475
706 389
283 124
899 442
484 555
929 674
623 568
190 669
397 93
678 182
739 420
98 36
887 740
567 954
641 876
89 351
736 686
165 850
974 664
421 312
481 5
156 571
123 968
839 790
59 288
940 623
45 849
231 38
14 568
491 829
541 825
67 634
426 898
323 516
359 194
895 412
510 2
202 651
866 754
791 422
741 631
543 193
391 84
840 152
375 590
506 779
433 294
769 61
552 699
789 50
573 731
498 407
543 487
671 178
50 696
110 376
94 925
348 437
499 960
6 87
103 701
397 842
403 504
555 298
167 928
149 437
595 605
564 532
11 444
949 222
582 139
570 165
259 902
527 305
143 56
477 380
233 542
330 608
425 332
355 15
303 311
513 621
423 638
62 138
856 663
434 277
182 991
496 38
317 408
981 33
692 180
98 89
890 237
468 59
951 20
778 679
399 524
891 634
468 281
560 759
233 465
31 802
75 550
847 396
813 364
686 10
214 795
309 573
625 660
477 375
387 627
119 922
536 973
624 460
827 33
421 784
91 279
278 763
686 228
671 112
528 130
414 491
607 802
873 460
979 801
931 172
73 692
448 445
519 321
522 371
150 528
686 454
103 592
159 450
732 384
823 891
7 782
621 632
299 956
449 977
59 583
522 85
636 347
506 624
68 671
34 795
273 561
971 550
609 903
31 379
108 627
803 981
329 874
592 928
683 123
132 259
258 552
228 340
963 795
967 835
859 346
364 788
186 928
151 918
668 380
579 843
892 258
742 560
100 539
454 813
791 696
157 144
517 1
378 251
734 501
910 780
271 414
862 206
592 349
518 629
946 348
883 999
252 903
566 808
667 474
652 526
669 616
469 386
985 944
329 311
692 942
490 258
696 425
400 38
202 414
738 60
776 449
28 566
340 256
178 487
900 610
831 990
11 717
654 401
88 456
310 347
93 73
495 981
426 844
120 985
118 548
893 738
965 21
580 973
617 736
279 581
585 2
313 22
435 891
936 948
798 478
391 924
719 888
25 868
62 513
50 753
774 960
876 805
418 141
826 126
223 738
793 367
393 857
621 971
289 920
596 138
424 865
831 368
341 996
586 737
11 698
494 194
521 422
704 892
651 807
377 816
926 239
693 224
163 564
25 592
204 499
756 512
225 968
284 443
416 227
56 74
812 641
427 421
156 253
798 692
88 731
551 36
187 785
778 640
856 672
686 704
787 189
381 807
369 871
854 238
800 489
568 451
515 604
436 435
554 250
810 128
478 18
227 494
999 628
784 619
630 868
610 821
832 359
799 685
377 78
951 306
602 657
876 16
895 820
145 432
867 303
245 79
165 782
316 430
676 158
839 962
827 794
314 699
206 453
758 822
46 114
1000 34
45 970
712 729
196 330
883 400
757 375
978 388
375 756
233 203
140 817
198 725
382 484
20 879
167 712
353 738
733 502
375 613
926 271
931 151
275 667
820 206
169 151
765 174
513 43
862 844
976 907
354 787
461 205
542 846
724 693
964 228
747 764
15 714
932 922
440 312
78 366
940 381
377 867
964 267
750 284
57 49
646 43
651 835
341 873
255 983
418 482
132 308
280 511
319 806
161 332
271 131
919 759
132 219
321 145
726 231
618 916
982 93
677 545
470 289
218 262
493 896
630 579
132 106
869 741
469 9
252 655
723 716
668 219
687 873
467 394
195 923
804 523
967 41
861 550
881 168
238 543
60 267
339 836
446 616
505 172
89 301
625 163
37 53
147 589
956 973
444 25
186 877
657 104
396 148
624 997
689 607
112 681
374 329
1000 808
783 585
628 612
19 756
334 747
559 502
697 308
13 494
969 392
382 215
269 290
445 43
72 773
642 401
606 838
607 555
956 369
707 685
154 823
653 476
785 639
755 697
371 128
832 702
7 502
155 416
822 281
827 117
813 186
45 208
104 660
175 829
234 283
660 339
964 870
485 106
890 360
113 555
104 659
367 138
722 135
996 378
962 438
586 726
168 963
856 860
104 961
660 32
76 159
167 48
960 778
925 68
998 570
802 497
250 52
825 80
347 404
332 64
388 178
872 85
724 572
904 208
668 281
636 133
18 194
61 864
613 691
743 836
528 891
497 669
622 835
843 946
436 452
184 277
904 14
359 716
195 887
368 97
97 933
984 107
442 603
717 575
597 993
357 123
321 686
508 1000
2 259
387 455
923 137
505 426
433 133
201 50
735 565
520 954
850 353
978 298
157 711
508 573
514 167
718 408
168 468
206 172
997 623
616 978
898 154
132 938
120 156
879 764
152 151
153 322
542 996
450 388
423 507
985 954
837 697
622 449
744 463
797 347
128 430
793 428
320 838
68 664
189 587
787 330
950 746
150 994
134 295
967 941
273 705
271 74
238 155
994 525
351 408
691 535
963 794
160 221
82 597
363 582
385 844
522 775
910 422
57 948
187 869
43 761
66 826
182 952
19 368
701 340
459 841
830 168
834 311
598 196
800 139
607 30
478 198
411 155
804 722
993 471
933 50
59 397
132 357
979 332
355 486
821 717
145 356
843 269
219 752
221 2
3 211
577 746
843 708
582 5
534 248
771 214
940 711
978 270
561 318
304 289
72 968
275 928
917 337
447 678
254 180
790 998
202 595
413 295
399 432
864 55
3 687
119 301
306 836
202 704
774 247
772 370
210 488
910 983
833 730
925 234
567 341
626 819
110 160
627 502
990 516
298 982
928 417
525 833
711 622
552 801
8 351
501 670
104 168
213 266
747 974
507 37
360 833
463 310
442 991
8 445
501 432
570 559
865 661
592 171
60 497
460 443
360 639
62 938
746 923
423 662
83 705
924 409
66 945
140 392
772 197
701 233
593 928
460 665
300 710
669 587
386 955
499 606
207 273
562 256
600 115
143 261
35 384
244 778
690 92
535 68
171 849
581 262
231 909
269 688
758 934
304 205
694 478
453 292
515 313
77 504
222 739
284 822
926 765
943 705
267 32
949 516
951 178
510 318
662 171
665 117
889 919
367 443
449 915
360 338
214 413
343 123
237 532
71 953
275 267
349 902
176 862
393 884
394 135
252 183
767 752
220 661
630 900
612 695
439 693
461 349
446 243
218 594
745 943
181 110
778 496
11 483
90 988
159 699
519 25
919 109
334 848
30 684
990 558
113 74
664 358
530 20
240 339
631 185
522 735
317 433
985 479
948 213
683 864
389 310
310 130
672 31
984 225
268 746
342 991
152 839
905 399
506 220
14 365
735 941
757 869
478 158
875 294
306 23
36 892
734 111
774 966
956 957
444 137
62 552
619 797
841 363
179 844
697 783
259 903
684 983
64 412
876 283
453 230
678 481
610 427
426 882
979 98
248 216
395 589
880 941
3 655
889 849
482 649
358 60
470 730
162 267
680 340
898 183
171 603
558 405
594 392
559 580
339 481
93 850
955 187
977 295
867 919
416 491
450 417
253 44
234 558
940 60
267 810
370 219
583 174
51 844
586 727
128 451
204 342
901 712
841 545
6 484
66 275
271 960
114 39
30 572
584 347
899 696
863 651
260 486
152 743
65 858
485 557
198 542
273 885
826 619
920 748
15 477
123 980
318 135
321 97
967 238
22 159
223 14
795 921
834 161
69 660
781 71
127 482
633 617
759 249
482 7
568 508
531 240
326 412
749 670
10 981
321 828
855 699
715 460
143 623
38 371
944 810
635 277
875 258
566 933
625 479
757 234
666 441
678 668
551 230
841 263
823 403
515 962
700 94
705 496
634 470
603 781
382 240
383 281
455 892
23 856
912 69
568 935
555 831
652 63
447 653
475 726
343 555
666 239
560 934
427 721
28 912
470 593
633 481
485 60
983 813
380 838
368 774
555 618
243 198
815 980
690 571
988 820
883 22
135 343
871 585
251 832
185 330
403 231
99 660
996 238
816 892
61 743
414 933
88 726
94 665
80 71
411 673
530 601
34 648
644 465
368 706
591 668
900 940
544 709
319 889
89 168
660 795
23 975
132 156
420 864
613 837
13 911
86 207
325 653
511 854
592 192
791 608
4 229
26 605
285 716
344 56
473 852
312 598
331 274
994 78
277 37
835 642
705 828
127 228
933 49
187 691
136 659
999 816
286 677
573 123
407 831
527 542
89 518
44 205
939 910
448 931
30 293
97 396
957 766
172 346
637 522
249 825
547 382
451 405
715 564
556 496
745 441
961 660
604 484
429 714
22 303
941 443
449 773
230 130
750 949
570 747
295 322
686 369
135 405
254 919
77 647
333 28
911 103
730 720
876 950
698 50
310 820
958 992
355 653
360 21
548 311
702 485
24 204
333 382
427 249
232 111
547 664
677 809
787 361
193 141
309 245
113 988
518 11
302 870
131 167
587 420
351 511
636 95
29 359
911 121
386 628
155 305
462 317
490 928
691 347
734 711
311 690
518 708
178 837
137 727
455 256
866 169
204 512
942 754
869 818
286 886
748 197
198 34
829 132
409 471
135 535
619 816
468 236
415 295
326 134
991 752
559 476
230 354
106 788
892 859
988 410
515 26
480 161
740 775
525 109
654 627
396 423
737 15
24 590
603 994
514 113
310 468
592 712
174 391
803 117
987 496
971 983
115 173
704 414
23 614
906 886
323 984
620 610
730 865
145 796
593 450
955 271
334 248
543 12
785 844
399 260
293 769
217 504
647 98
885 755
744 505
154 661
428 276
640 212
15 724
94 823
424 863
439 692
561 886
47 743
309 88
665 688
208 69
155 590
670 163
854 332
584 288
722 509
309 77
881 354
60 705
794 839
835 369
673 126
503 7
414 524
697 112
954 513
852 724
356 315
711 371
161 307
697 481
133 317
389 835
715 197
915 263
922 553
562 624
433 556
327 136
576 956
469 765
297 222
101 960
890 71
3 12
496 362
815 665
908 825
925 885
424 904
292 86
957 324
192 194
174 86
343 613
473 735
224 211
442 278
225 142
801 937
391 192
999 431
654 766
624 419
370 615
213 760
92 248
223 774
422 493
764 554
214 591
417 303
474 296
256 107
989 407
480 920
172 215
615 381
963 228
584 239
533 58
977 448
997 13
559 778
798 54
730 648
972 765
864 990
958 952
685 672
859 85
493 175
39 103
315 775
372 732
566 348
592 967
42 424
480 821
707 406
375 60
711 454
432 680
17 734
473 44
844 229
954 549
630 562
497 406
830 80
759 474
83 813
393 339
433 878
207 766
787 127
130 902
777 437
744 906
620 690
360 696
658 3
378 136
882 741
207 426
45 571
321 819
344 204
680 870
95 353
356 413
279 126
744 621
602 599
732 650
326 191
922 862
5 922
856 214
784 851
22 183
54 982
840 586
641 623
885 198
870 794
819 744
69 9
934 747
715 245
432 91
728 552
586 820
989 217
611 731
395 446
237 697
400 520
205 475
243 88
922 389
265 683
936 761
423 501
225 598
581 785
142 615
223 879
73 522
113 725
940 176
100 469
926 103
341 973
233 844
622 438
309 111
977 189
405 572
134 138
816 893
925 181
655 988
180 508
807 177
351 373
997 259
560 198
699 665
313 326
652 965
449 390
801 233
750 52
865 798
458 476
833 312
762 654
447 434
377 740
30 628
678 896
630 521
596 521
411 127
877 224
308 749
97 598
729 25
855 745
144 993
17 117
588 996
412 754
87 792
691 66
657 54
861 782
827 898
598 535
856 178
511 378
975 171
575 813
150 734
47 467
654 404
536 243
37 446
330 392
918 25
797 840
505 678
953 698
182 260
166 877
760 172
250 722
306 608
128 832
2 336
98 926
448 753
654 801
489 11
552 743
846 457
567 361
413 786
50 748
954 54
385 369
892 710
501 969
76 260
622 445
30 5
659 599
932 609
220 691
4 608
629 537
890 795
212 771
508 118
213 132
219 461
976 192
495 360
319 958
46 866
506 659
342 501
205 813
53 78
720 197
990 193
669 148
485 531
388 869
753 259
994 559
438 967
961 350
122 978
568 232
142 959
643 758
312 934
853 18
591 992
235 750
291 720
807 776
977 613
342 945
933 242
750 481
165 88
682 434
28 192
585 645
179 84
571 854
293 228
922 756
409 479
852 885
959 691
49 576
446 962
362 409
400 246
878 961
936 456
573 45
226 184
120 683
468 541
418 518
420 72
296 950
147 29
220 624
135 935
28 533
476 29
549 149
149 775
480 162
360 769
889 202
796 530
638 463
287 137
183 40
476 86
41 535
560 513
279 501
200 761
642 59
384 343
520 674
24 766
371 169
963 493
211 272
437 686
716 787
440 622
388 758
336 719
435 969
111 920
150 620
667 690
530 986
444 850
93 622
831 256
214 512
160 603
893 199
82 656
949 198
627 468
385 639
557 385
264 888
212 918
751 959
367 966
133 26
526 995
730 70
258 776
967 887
498 898
9 917
564 193
256 746
900 195
901 150
692 45
71 96
240 164
494 537
667 377
243 795
190 822
672 17
875 506
689 211
549 885
401 13
990 985
94 146
98 177
939 525
748 155
341 283
244 435
340 597
761 352
373 106
355 467
180 994
17 206
645 452
577 438
192 84
871 300
31 933
490 345
628 615
828 97
442 420
706 581
361 716
944 458
1 483
681 257
240 767
369 885
650 976
388 890
923 460
463 447
908 24
547 424
568 909
993 128
816 391
444 600
470 728
514 82
609 80
671 920
659 832
417 445
203 471
360 289
983 779
180 596
399 490
147 389
962 514
559 932
410 749
234 425
256 27
531 600
863 983
77 990
356 575
800 567
907 365
765 401
381 424
587 622
308 69
252 128
995 261
897 117
371 973
26 677
632 696
119 58
377 719
221 966
972 130
331 10
543 501
5 453
798 514
30 936
514 801
625 98
459 942
192 867
514 720
398 831
757 944
409 486
467 280
160 368
70 919
821 581
623 713
348 749
520 240
969 335
472 305
442 698
719 447
630 110
723 952
369 618
467 318
71 392
277 505
559 407
27 750
286 617
782 626
662 900
684 580
297 612
232 667
585 153
359 226
294 301
239 440
313 818
421 907
79 163
137 872
541 906
494 83
900 831
279 658
230 228
806 989
333 229
138 405
655 648
603 715
876 829
327 971
258 538
333 118
941 375
266 49
244 523
147 270
755 37
183 468
612 762
977 35
103 733
162 209
146 682
495 320
449 379
289 210
368 629
631 428
703 995
25 712
617 358
375 146
542 43
677 644
215 709
143 24
497 32
999 158
924 867
798 860
69 852
344 365
363 571
843 479
113 16
757 743
649 12
659 103
91 633
369 895
99 82
373 671
268 733
216 214
498 218
113 370
477 753
739 2
614 914
783 383
700 687
390 859
359 322
735 999
408 646
852 106
763 486
864 626
909 6
931 722
683 470
663 251
866 997
313 995
244 817
830 536
543 647
801 108
239 766
225 68
649 682
870 948
447 973
323 563
383 319
813 332
525 472
853 571
323 704
984 646
809 553
347 486
563 714
12 380
110 619
770 432
813 110
427 831
870 97
401 920
880 725
702 830
873 428
253 466
918 602
812 57
245 894
211 962
593 174
450 997
632 308
134 228
137 320
582 742
397 910
660 116
788 33
592 866
958 881
702 234
137 465
998 630
232 81
552 804
627 360
132 348
6 317
172 589
963 874
397 624
162 724
904 284
317 313
190 57
985 343
624 561
695 720
417 701
136 117
618 975
611 265
930 579
588 43
471 929
991 62
21 882
133 360
445 70
156 927
801 470
765 925
758 334
423 244
753 846
148 910
386 775
957 92
390 839
66 575
164 144
383 108
365 529
573 44
653 980
303 815
553 64
776 481
476 638
866 888
460 969
317 560
335 461
789 470
974 158
940 678
408 303
784 186
966 342
969 242
111 709
666 178
816 363
85 986
447 711
659 807
417 400
509 10
220 451
239 353
497 578
409 909
323 986
875 665
125 90
81 753
71 916
440 734
2 701
647 207
432 834
784 503
423 444
944 237
129 855
216 147
285 44
473 308
56 780
472 61
703 938
1 825
464 465
211 696
832 456
394 484
548 709
171 300
271 30
539 742
651 724
268 816
177 845
440 137
226 678
958 79
768 455
810 78
207 690
635 191
908 759
636 236
681 824
587 304
615 324
812 903
161 313
959 975
804 567
436 403
875 144
23 397
711 32
35 582
182 790
365 612
28 340
44 819
363 79
905 622
999 890
601 319
966 1
309 770
594 592
425 561
338 274
763 543
50 158
606 955
412 731
266 966
7 814
537 153
664 717
444 601
62 920
528 12
867 264
490 139
128 922
310 438
936 993
976 702
978 100
500 800
671 923
693 767
287 898
358 285
949 918
384 82
349 630
501 847
742 247
584 17
399 282
755 72
998 413
266 493
381 452
15 298
306 922
471 436
740 972
95 632
998 431
289 53
473 272
755 358
167 44
208 35
429 851
853 835
88 633
12 991
789 753
78 616
346 800
990 521
246 265
742 642
801 188
86 166
623 389
735 351
705 792
62 143
835 397
731 556
38 404
539 401
705 905
852 968
265 760
160 258
516 103
776 204
944 862
338 581
342 617
947 146
895 200
970 17
255 105
883 784
22 218
889 423
598 521
966 109
15 449
476 249
445 107
46 63
150 45
577 759
992 775
519 516
704 139
196 363
180 868
219 950
898 231
280 818
98 521
49 75
103 280
290 765
289 548
439 826
81 826
101 311
284 889
803 15
642 147
22 54
210 369
466 775
470 967
896 234
37 988
977 401
135 877
883 27
777 906
371 815
389 436
609 575
518 147
641 171
206 671
690 792
472 517
915 133
418 439
995 467
996 120
375 109
342 797
221 775
530 448
838 926
472 803
884 914
901 92
78 759
62 216
251 129
200 833
576 728
683 796
688 758
855 634
562 170
563 371
395 677
476 520
39 990
762 977
773 257
264 52
184 531
538 430
369 553
444 221
591 976
544 243
726 751
108 210
808 168
202 411
791 33
867 391
260 575
210 894
767 422
948 716
400 938
109 696
594 536
5 781
887 969
11 704
305 995
123 868
680 241
985 49
874 331
766 373
345 959
589 740
508 496
718 504
63 525
671 962
858 711
50 904
604 487
822 298
568 821
68 54
628 33
295 383
650 346
962 728
197 617
112 959
834 542
525 923
747 535
142 577
570 4
650 444
643 385
158 239
343 177
591 607
404 299
485 384
454 721
860 588
169 583
223 284
115 88
506 256
582 897
930 382
971 342
648 947
830 415
812 638
986 185
843 784
187 788
575 425
208 363
969 970
554 84
592 175
562 587
598 117
435 83
722 945
445 438
411 184
636 943
305 579
952 991
143 563
887 286
672 469
562 649
362 391
245 74
597 933
340 434
567 525
210 866
342 287
981 439
268 6
610 387
958 976
306 288
163 441
679 993
331 895
814 120
628 522
399 754
778 768
864 393
662 60
756 143
701 538
653 916
137 935
479 689
957 993
395 504
570 454
629 985
281 497
979 646
606 140
675 129
57 346
989 545
242 870
770 755
566 238
63 365
337 971
925 202
232 63
167 11
635 530
621 716
87 336
204 363
753 348
466 315
242 219
869 270
899 721
914 651
344 294
731 338
539 519
522 731
650 848
69 700
995 86
902 518
83 624
781 463
529 382
341 424
680 766
290 886
809 926
613 636
914 611
91 827
472 424
645 433
334 978
460 697
326 86
130 485
410 146
520 165
994 228
667 54
709 671
467 92
782 741
16 388
605 478
61 396
232 786
283 702
124 768
288 744
571 451
612 404
120 935
158 585
231 941
468 481
487 263
844 141
370 531
560 559
937 629
125 283
982 468
215 270
903 498
534 390
976 590
668 908
742 101
275 161
766 111
570 474
591 841
758 723
437 210
955 413
261 260
980 824
68 786
52 447
56 954
510 651
829 833
890 849
985 579
494 255
761 996
816 803
969 847
409 992
541 130
199 350
990 639
493 61
720 143
649 389
906 316
963 805
18 172
419 951
228 269
674 931
161 732
593 689
665 860
304 912
467 572
716 185
420 974
813 785
835 541
469 263
593 595
879 877
17 31
421 373
61 206
72 761
783 571
408 731
226 382
393 496
453 53
311 187
150 127
80 999
379 993
129 304
2 62
7 307
690 499
767 227
749 916
163 113
291 4
862 717
864 113
689 169
447 649
842 409
571 205
332 767
908 284
620 534
181 494
736 123
718 191
556 302
310 189
774 391
243 202
724 635
703 551
582 617
508 254
816 993
564 583
926 106
161 188
803 765
622 790
258 826
584 492
656 905
117 363
259 1000
21 521
851 311
622 151
678 677
631 351
892 169
700 980
402 115
260 85
83 970
476 225
263 866
312 578
640 731
604 644
626 460
990 885
521 72
333 922
597 317
448 332
925 758
673 261
565 287
965 536
350 891
991 85
893 965
635 471
63 677
602 276
820 323
576 999
705 5
491 385
619 955
981 176
784 660
588 886
240 972
684 885
648 419
27 942
890 122
193 474
636 618
273 290
684 772
166 567
539 11
903 554
491 874
878 778
737 602
849 860
357 589
448 935
710 67
917 747
538 240
166 785
463 369
547 354
749 888
589 739
382 99
366 612
457 776
617 746
306 22
949 555
749 777
45 475
202 604
813 108
543 135
326 757
388 684
546 280
379 457
31 320
183 389
793 454
210 485
447 16
177 756
52 448
966 820
733 983
940 151
523 185
696 723
876 961
971 619
592 868
539 879
943 166
854 292
910 762
930 268
492 413
312 75
265 123
964 563
751 789
809 630
887 213
259 222
169 864
37 279
174 531
397 336
517 111
96 959
117 715
264 155
130 764
494 755
776 54
333 783
857 941
530 125
459 761
810 150
511 37
849 926
723 901
291 785
295 841
739 367
188 255
481 99
136 514
361 725
253 991
115 994
297 529
745 639
118 747
780 426
344 596
239 397
520 430
852 308
376 101
448 562
666 176
992 796
300 150
271 567
383 563
811 546
172 88
300 37
461 78
286 332
736 35
590 898
646 880
549 204
889 523
33 343
459 186
366 205
261 303
65 678
780 637
285 441
271 145
551 898
220 658
259 770
940 379
51 740
739 563
355 826
707 17
618 764
410 985
713 640
806 423
920 870
117 796
246 688
318 29
545 79
621 348
789 639
39 966
284 4
308 386
436 383
75 393
241 872
673 348
583 817
127 501
200 922
274 385
669 776
47 148
961 202
89 215
786 151
844 641
241 915
528 578
670 797
658 829
731 785
255 119
239 850
578 56
866 56
784 220
444 134
804 358
988 459
222 791
334 749
187 216
503 978
598 594
736 387
511 319
629 120
102 200
619 62
144 518
586 869
943 287
885 159
966 688
552 388
955 65
666 148
872 993
537 415
839 414
231 658
953 608
326 674
789 202
335 912
840 238
551 576
721 797
868 708
499 155
29 886
410 744
267 801
486 439
332 777
155 768
384 882
21 643
725 927
68 674
142 681
15 421
695 455
988 627
868 905
691 912
696 890
604 899
844 146
864 560
242 252
310 653
852 756
546 301
198 418
958 504
796 499
374 227
892 356
185 887
571 949
860 970
809 872
402 302
445 396
691 332
50 380
178 777
160 260
614 836
234 709
213 769
126 526
580 963
246 203
475 819
107 147
514 497
532 890
945 459
230 351
606 10
663 65
983 740
969 430
988 350
400 991
384 500
130 232
22 58
942 123
600 334
49 504
15 807
16 143
254 51
185 520
168 474
290 478
836 809
799 167
324 197
495 156
890 782
559 987
429 382
136 749
439 110
72 5
571 61
920 121
811 618
297 916
526 446
570 511
845 775
349 600
557 147
869 129
617 952
64 808
525 629
987 218
272 741
59 751
889 684
565 809
904 717
920 896
738 923
831 170
392 377
403 239
903 855
613 110
267 696
622 148
643 881
845 331
848 49
556 770
99 377
725 661
673 58
394 525
19 152
467 928
521 254
761 737
990 400
890 455
262 524
393 371
892 281
179 350
6 413
811 357
512 93
887 22
10 714
185 384
987 109
121 197
922 621
296 160
204 537
889 359
731 422
822 893
269 83
791 946
979 338
171 894
200 574
164 206
832 48
66 760
70 144
309 888
383 427
548 388
277 282
480 154
585 809
639 122
774 685
387 711
407 536
637 517
496 995
461 879
570 852
997 653
335 810
140 772
236 989
37 668
871 821
598 983
604 400
906 307
827 435
67 619
978 189
254 506
160 708
802 143
31 323
772 843
699 253
148 109
793 368
376 518
51 794
882 304
78 277
744 898
233 812
436 983
777 821
781 997
375 194
893 257
825 33
646 209
673 466
602 181
703 529
255 905
899 759
148 405
143 494
57 873
722 653
49 777
255 751
791 643
39 670
333 957
393 504
359 701
285 570
35 731
471 787
511 966
633 548
956 473
688 867
341 259
218 766
19 515
79 691
981 339
523 624
714 894
400 234
439 267
739 257
562 314
304 534
265 784
830 61
801 374
844 636
22 128
296 841
6 660
44 479
121 180
250 528
162 654
628 301
790 116
776 706
853 988
217 162
888 1
137 933
689 240
48 248
709 253
548 189
73 283
722 264
612 968
672 881
604 413
31 406
827 479
615 340
200 225
570 865
745 75
401 667
788 81
683 269
86 844
877 719
694 911
118 327
419 703
973 252
746 375
78 480
638 760
570 888
419 780
226 562
906 262
229 941
13 752
927 684
329 811
610 684
977 923
252 369
335 546
806 134
238 964
818 624
781 636
213 10
70 653
87 545
748 167
994 273
47 151
914 174
558 513
706 268
964 980
325 866
451 890
61 125
628 845
899 175
245 187
134 956
789 473
810 270
64 99
619 787
857 682
452 650
538 279
575 784
961 900
984 291
527 605
767 120
296 109
72 276
6 624
271 796
637 604
305 41
306 450
658 623
550 545
120 24
763 894
106 23
490 246
755 702
757 340
443 421
115 406
211 304
729 819
141 613
715 832
628 39
519 336
488 31
25 180
23 641
462 483
173 500
876 725
538 890
978 133
524 313
907 387
175 939
220 704
905 611
987 110
682 528
919 989
167 88
967 561
734 47
91 194
775 430
191 167
877 836
24 860
497 56
977 886
349 841
765 655
693 82
159 810
273 879
221 849
458 421
129 707
42 36
316 971
501 449
838 960
905 681
364 959
517 21
21 838
174 38
528 882
947 840
285 625
17 499
886 479
596 609
948 294
314 349
649 839
889 330
317 177
688 811
598 290
800 213
729 177
456 523
308 564
186 255
64 208
869 885
555 143
359 427
731 892
633 830
434 849
297 569
202 501
735 685
869 483
675 654
396 405
474 981
736 416
111 536
112 458
757 22
723 154
11 822
490 91
823 143
383 660
281 28
299 288
712 792
324 198
343 362
490 234
254 131
22 32
232 445
965 347
824 801
454 244
842 534
901 995
633 491
816 133
176 36
772 848
936 766
632 173
102 817
290 423
330 630
370 249
320 814
689 363
357 461
323 181
16 731
589 146
264 677
191 74
53 117
937 706
111 640
21 535
794 777
824 204
695 603
180 239
43 976
192 566
262 626
377 638
820 184
490 807
682 185
706 35
472 213
761 593
879 608
302 409
85 23
255 347
825 448
792 695
216 342
908 521
486 613
514 688
438 728
117 279
852 862
891 816
838 345
292 437
828 199
433 329
951 651
421 760
121 46
502 509
127 689
438 917
735 641
59 352
5 778
430 249
782 594
272 247
999 716
17 724
905 901
157 676
589 737
37 522
573 456
119 886
263 56
943 554
667 572
732 94
851 312
893 77
642 997
723 496
86 694
682 601
820 650
910 585
131 323
310 953
461 259
428 588
871 760
536 75
604 981
831 388
950 786
536 173
333 713
426 61
9 19
752 747
471 607
310 731
369 61
63 305
85 201
218 526
877 925
968 647
364 880
429 684
228 884
602 468
985 452
325 619
222 78
240 189
882 836
222 509
919 457
481 677
544 453
981 248
268 765
880 365
787 811
882 727
166 228
995 908
619 520
856 454
60 238
628 921
165 933
538 385
234 379
630 59
558 964
780 326
467 69
13 113
442 397
723 884
1000 835
474 794
575 560
37 460
794 201
905 848
567 645
413 653
602 810
396 349
835 702
326 922
275 852
992 194
644 587
153 112
403 993
121 292
567 861
770 481
813 61
581 33
799 126
395 108
15 911
556 44
776 801
236 464
570 453
453 591
719 804
423 299
483 516
465 113
873 396
837 745
894 282
436 662
612 559
854 612
176 379
676 568
842 768
78 374
636 292
232 34
674 73
927 905
364 551
845 48
208 59
764 192
431 755
682 863
169 928
5 202
484 879
930 385
8 761
218 270
327 96
311 895
645 11
156 72
817 898
986 779
751 521
296 347
260 190
653 641
781 460
765 957
472 60
861 574
430 158
670 752
325 865
331 464
120 605
706 700
999 993
446 995
982 529
103 17
92 515
398 582
135 625
931 750
235 13
533 686
439 415
743 365
712 543
895 54
129 297
650 989
500 14
671 865
748 340
699 376
774 618
534 499
81 563
589 681
536 249
427 746
693 763
452 79
309 706
382 264
958 753
426 558
194 514
508 358
328 964
383 934
303 544
431 960
173 62
399 358
702 581
354 719
618 316
306 918
328 674
55 195
850 731
256 587
65 794
591 528
657 742
246 658
427 340
601 897
323 391
473 54
901 100
632 701
687 567
924 139
302 531
564 162
866 406
80 271
777 447
597 294
523 655
230 785
674 529
179 501
87 708
248 112
705 909
869 914
999 551
395 701
952 802
633 181
154 300
910 159
179 147
645 402
60 150
444 53
356 793
808 176
865 289
241 729
114 855
982 940
599 864
921 911
680 906
951 805
260 726
870 909
746 759
32 81
594 963
366 997
120 966
597 700
581 199
724 91
768 620
895 443
110 737
338 20
736 143
662 251
954 138
372 203
444 744
429 380
158 842
163 848
206 86
530 908
488 855
180 565
608 56
882 443
910 58
82 307
746 218
548 468
197 514
976 843
779 232
858 291
26 604
916 455
774 45
833 615
529 518
707 90
928 413
9 650
398 305
955 664
381 211
467 322
526 557
420 696
113 954
241 77
521 147
740 97
703 127
835 335
865 784
458 454
811 470
117 579
541 225
262 514
74 694
607 928
105 840
415 901
400 482
65 63
648 72
957 194
51 11
355 527
481 378
174 839
573 3
86 126
761 291
373 45
322 765
794 552
302 90
909 146
932 245
843 402
701 784
796 516
213 758
785 285
103 171
815 23
241 882
595 115
938 664
10 391
581 76
720 736
975 324
376 810
362 773
971 945
474 379
989 424
718 158
243 58
381 309
8 536
162 44
842 666
383 894
441 227
9 423
172 149
393 832
821 256
863 901
81 85
959 438
642 57
836 451
930 152
768 35
71 598
110 168
995 691
994 967
467 957
284 285
51 570
638 706
252 393
739 617
498 777
704 996
252 504
768 321
534 888
862 476
522 848
356 270
15 189
41 894
540 876
174 534
601 874
325 618
109 195
365 345
191 557
319 632
179 45
278 419
226 617
344 27
58 777
156 698
923 293
172 903
625 271
202 40
370 950
857 114
577 428
249 19
860 607
306 250
219 679
992 997
735 855
338 299
818 97
755 307
344 936
753 572
80 930
463 417
712 627
1 266
614 334
652 111
546 742
128 947
606 738
384 301
944 309
466 169
949 524
21 25
998 203
11 95
710 735
417 260
851 811
552 713
276 73
314 132
831 441
614 59
230 398
820 654
858 612
890 982
55 876
472 675
234 462
641 134
755 224
804 720
122 687
87 255
703 128
152 356
707 18
467 857
319 984
378 388
509 570
20 283
795 663
707 419
800 783
61 730
930 414
735 465
521 171
355 29
502 860
468 740
126 984
15 145
952 41
809 736
288 943
657 948
660 585
991 25
558 660
134 656
160 507
108 481
587 334
574 130
761 505
902 661
482 234
545 904
895 834
805 86
679 637
898 133
265 929
527 953
369 849
207 253
500 361
852 6
598 486
841 275
254 312
435 510
495 566
560 709
432 328
733 438
628 668
283 547
69 30
288 859
870 192
980 384
230 99
328 231
970 698
629 871
776 847
909 404
585 449
512 334
508 974
292 529
499 239
391 991
78 177
233 968
564 24
759 623
125 859
989 690
996 242
924 631
63 5
466 721
128 210
470 9
137 496
475 677
406 865
977 219
280 437
673 162
394 389
473 388
365 110
536 230
720 131
797 1
446 497
394 532
548 885
561 710
907 990
183 339
368 444
296 425
811 378
65 124
32 99
133 427
890 128
868 863
710 415
572 468
863 183
792 716
758 395
795 191
597 7
544 125
247 946
451 869
30 34
737 652
865 439
867 257
524 550
766 232
175 326
245 881
459 531
443 886
981 506
168 191
279 341
544 179
366 733
866 108
921 272
775 661
851 83
524 923
562 34
489 246
490 89
148 876
847 7
390 332
727 621
874 227
846 325
222 675
564 958
84 576
234 213
18 678
399 423
970 545
76 752
390 110
562 270
85 767
157 258
103 586
902 44
401 720
594 407
405 980
725 975
997 42
871 577
986 285
4 538
295 27
191 116
194 184
158 263
363 787
309 69
971 464
995 673
132 358
498 226
544 622
158 406
227 177
190 7
668 524
882 975
956 586
117 578
743 786
155 301
752 431
91 639
661 711
991 192
792 522
608 522
778 613
570 643
576 588
494 731
761 448
246 8
384 766
242 622
808 399
757 948
26 468
891 818
268 313
325 824
677 83
218 951
40 168
866 12
154 432
942 329
273 294
274 633
349 211
207 181
852 62
760 474
511 355
577 737
83 104
698 535
92 490
936 128
774 672
561 309
393 139
55 7
404 781
996 743
392 845
245 693
713 195
568 826
680 276
845 966
646 761
59 945
405 165
817 109
11 50
547 68
241 595
183 272
96 186
261 422
188 650
445 915
146 998
661 69
24 54
181 224
699 879
919 918
756 372
152 410
320 780
47 715
765 501
363 878
125 771
399 206
627 449
208 81
946 931
655 825
747 808
548 687
91 780
128 306
400 198
286 451
226 557
483 166
85 358
610 647
368 742
722 761
921 189
778 295
281 965
841 673
964 590
513 562
971 218
682 155
51 311
299 729
304 973
800 962
923 603
269 257
970 414
420 947
26 534
189 234
407 151
563 293
251 273
839 112
236 203
950 779
468 22
367 315
342 571
645 344
518 990
387 104
559 134
852 892
715 925
862 77
809 71
738 103
792 947
607 283
421 666
6 760
546 773
376 506
283 582
739 172
524 931
27 605
843 896
839 730
515 288
921 121
584 954
300 146
200 6
439 889
333 214
698 252
479 717
674 577
585 262
336 484
870 353
656 567
72 318
181 196
698 478
370 63
43 239
778 22
356 126
160 961
547 815
276 799
423 152
523 310
228 48
125 920
218 234
237 258
938 227
389 169
1000 440
747 933
959 544
632 675
27 433
890 395
105 741
866 496
722 876
616 247
190 942
199 36
207 553
598 170
965 637
729 711
716 225
203 446
701 147
80 579
8 160
834 372
47 1
238 660
331 466
648 459
815 12
505 43
359 384
928 677
934 906
352 690
226 343
980 60
956 967
918 510
666 335
297 480
157 225
445 195
19 879
225 134
888 322
26 81
46 404
322 964
688 913
168 482
334 403
172 282
616 992
840 308
509 718
449 852
361 96
16 837
736 84
537 101
314 54
243 68
375 846
63 977
229 441
875 635
519 482
613 259
165 839
397 872
417 144
91 57
399 352
46 145
276 221
49 723
483 435
780 541
565 721
911 453
253 261
328 676
898 752
498 108
426 209
589 124
402 870
593 121
80 84
133 982
650 192
247 472
15 470
932 996
450 249
38 861
256 606
953 130
848 216
118 478
495 380
342 790
952 198
420 612
811 381
942 993
264 200
913 301
839 998
203 461
170 286
388 361
942 592
193 215
981 54
674 670
804 593
400 279
704 928
568 372
472 393
164 327
678 623
745 904
957 375
914 435
109 573
993 362
277 401
403 842
562 449
782 714
658 940
326 198
383 435
921 358
705 463
10 655
850 406
158 543
936 165
221 165
168 335
850 343
973 318
427 554
141 420
469 823
554 655
232 833
352 43
760 152
546 559
261 826
811 721
3 556
991 871
775 954
548 240
690 562
573 643
704 478
337 219
460 174
323 920
589 429
149 252
228 795
485 180
488 232
822 29
789 972
422 687
315 605
445 518
489 706
857 262
478 766
646 94
423 211
57 811
561 950
711 636
56 202
538 52
384 705
591 758
151 709
124 169
951 462
470 389
790 996
536 195
114 467
543 512
90 408
878 497
649 53
872 202
764 488
782 251
658 445
291 473
159 920
717 926
756 836
613 733
155 477
160 437
416 815
722 967
192 838
786 424
787 897
847 561
832 278
689 691
999 986
108 433
35 513
252 777
951 535
504 822
448 684
602 479
166 552
804 442
54 521
174 150
236 571
20 632
112 489
663 470
384 196
250 789
177 35
430 879
568 844
954 365
374 206
168 442
940 840
906 712
998 82
50 898
824 849
162 328
254 162
914 859
989 309
663 692
687 858
249 546
380 780
774 394
116 822
23 714
393 757
391 806
767 625
385 329
573 792
43 373
85 658
548 458
508 31
436 812
110 319
475 974
787 368
719 611
377 844
180 297
190 198
119 292
687 812
927 551
472 999
579 623
308 149
755 292
294 352
976 87
647 676
890 517
643 849
316 543
523 491
247 49
877 922
15 191
660 704
458 504
388 3
237 569
880 952
127 476
424 311
441 639
65 59
235 887
252 591
219 433
611 16
227 283
1000 537
31 683
14 415
770 521
678 134
257 762
807 614
442 694
562 679
302 154
361 958
202 86
75 812
577 418
719 716
335 470
529 471
491 188
996 983
463 50
581 379
567 952
469 653
515 5
186 351
696 438
197 759
831 999
244 131
689 778
430 792
88 431
658 519
737 6
221 237
6 539
504 415
638 326
918 323
36 262
534 13
681 719
508 41
831 709
23 520
686 184
230 212
327 874
309 747
537 935
825 645
371 975
98 813
7 165
271 720
120 444
57 461
702 575
452 475
81 439
890 839
630 23
581 610
752 812
324 733
199 676
509 583
831 178
464 456
720 153
648 966
528 707
925 486
146 759
530 406
238 857
755 433
367 575
160 31
34 568
843 818
900 203
778 683
123 408
568 123
26 619
423 735
355 253
221 34
518 56
697 714
169 97
78 979
505 185
945 609
736 715
839 594
959 735
336 948
640 853
4 659
93 371
581 322
701 116
739 289
500 363
853 685
447 812
486 770
857 735
898 107
992 882
554 537
793 839
645 750
387 754
49 471
840 422
658 619
311 115
594 877
686 101
762 332
110 699
426 666
154 941
85 903
382 271
314 55
306 691
384 41
186 493
495 101
595 779
941 267
283 560
12 609
876 864
346 247
993 580
557 315
560 97
483 434
120 472
274 888
373 499
648 644
955 512
884 410
6 466
392 322
105 277
702 426
869 475
691 919
472 991
877 941
164 829
664 477
576 509
707 385
636 41
832 791
864 494
486 215
180 182
882 824
332 345
958 509
905 247
445 22
450 652
4 11
654 720
83 530
445 391
653 674
529 348
571 825
532 545
312 580
744 711
853 491
265 626
378 973
221 273
437 852
558 435
762 55
653 900
288 556
329 144
131 934
459 533
441 583
121 22
782 715
490 421
883 646
404 533
131 823
685 388
279 343
913 330
529 152
744 808
873 318
259 186
560 626
671 838
214 791
604 363
841 111
112 605
634 702
102 120
513 477
288 1000
438 94
900 807
353 694
489 22
150 393
56 362
127 620
43 705
498 348
387 797
651 248
931 344
932 743
431 993
346 203
861 352
147 278
813 162
815 847
173 749
393 954
512 416
803 739
576 689
437 417
721 30
59 595
958 861
81 511
734 804
954 748
557 449
838 774
612 87
5 15
571 806
65 828
804 769
237 22
643 994
407 284
816 547
136 332
86 197
407 258
198 387
181 767
365 370
665 770
170 352
514 797
517 390
95 174
667 313
152 794
688 892
231 478
251 484
839 31
398 995
412 715
162 786
400 131
754 518
122 490
892 730
452 703
913 79
131 51
84 212
951 308
38 530
645 661
202 356
130 201
586 664
542 642
34 429
568 845
515 198
864 484
300 168
344 668
348 188
556 377
629 861
775 921
110 733
979 770
512 767
272 805
400 621
685 940
262 135
710 513
125 63
181 381
54 229
58 232
161 787
584 80
312 371
116 981
232 202
368 570
95 697
446 173
301 726
927 550
56 231
474 186
994 949
196 147
377 941
194 13
397 616
623 228
38 154
683 83
80 172
209 456
587 703
34 533
825 262
701 427
612 218
668 340
691 749
307 968
680 634
165 254
581 398
187 922
497 294
304 862
731 621
19 409
832 452
406 363
748 497
300 968
213 851
325 905
588 769
917 853
791 892
100 763
981 350
452 524
783 456
625 268
767 498
454 449
572 252
727 832
16 46
863 384
24 553
260 681
230 491
535 104
361 360
126 168
914 666
935 772
936 894
560 570
867 646
337 503
253 827
895 380
699 449
337 256
120 931
853 840
802 970
604 450
931 50
470 658
148 296
727 388
380 785
897 23
491 648
812 134
580 250
394 59
693 389
250 977
56 566
293 823
628 238
392 472
500 537
910 958
566 44
592 695
831 152
581 609
697 156
51 461
714 486
132 425
857 422
323 286
894 587
788 188
989 845
811 117
194 17
464 746
33 149
706 873
539 623
705 667
27 435
427 509
602 5
549 538
270 85
290 943
75 399
441 553
995 206
522 706
62 155
653 556
894 194
730 353
326 284
806 10
424 276
67 720
136 488
929 701
400 668
751 634
666 568
667 481
468 391
230 587
964 977
507 518
643 264
455 734
792 866
577 28
597 977
389 764
781 170
841 391
877 449
143 909
776 839
226 341
300 556
395 960
591 13
143 818
40 497
258 88
825 519
260 766
373 147
162 572
849 670
558 198
335 203
102 194
322 962
822 715
550 602
185 758
296 697
135 160
743 79
690 345
53 505
984 582
290 797
98 943
849 440
97 307
922 260
707 550
409 879
963 432
672 803
34 362
430 535
876 579
222 473
951 179
497 614
115 147
334 179
742 28
758 448
936 519
777 273
560 147
713 507
570 84
522 211
63 177
767 665
330 900
480 993
781 983
357 293
716 748
705 581
298 917
526 597
843 755
570 793
511 577
243 563
530 507
229 127
330 661
772 332
845 306
152 609
597 433
962 78
967 227
540 416
866 402
939 322
57 14
513 628
892 354
622 847
131 378
259 433
632 927
743 713
213 154
658 136
458 98
34 709
540 228
227 675
47 404
948 577
193 608
925 815
162 977
50 498
182 532
370 844
791 138
727 776
709 269
20 614
115 928
687 314
304 305
255 774
400 868
222 535
171 547
524 101
254 532
666 242
339 390
974 44
98 867
337 217
271 962
488 859
50 766
567 423
163 805
241 517
319 174
46 626
931 296
401 725
972 644
833 714
850 808
725 972
814 631
29 965
789 827
423 205
264 682
599 84
802 438
894 560
241 240
190 926
160 890
498 144
509 698
865 955
989 949
820 133
696 907
863 353
96 827
118 312
321 90
165 217
846 704
958 414
321 971
640 577
918 499
74 261
296 279
212 395
361 823
435 236
787 899
737 572
2 154
889 361
227 334
781 920
325 805
217 420
364 205
607 147
810 435
646 233
852 202
704 96
622 564
736 611
697 995
135 949
838 124
969 483
420 429
576 11
425 625
524 811
174 148
443 43
236 565
185 701
278 950
427 520
10 602
763 844
582 128
821 125
586 207
269 529
736 304
25 85
188 935
63 565
466 193
683 866
732 164
628 501
831 560
106 507
574 799
99 846
998 178
31 329
732 458
436 703
842 646
609 369
462 335
391 689
767 704
536 404
48 557
216 720
626 140
952 324
200 425
792 173
276 774
337 880
160 791
512 60
698 283
242 175
647 678
329 817
152 534
238 835
494 297
995 324
959 225
105 535
187 812
848 162
688 571
374 178
47 776
947 790
485 763
456 795
203 6
352 988
42 136
632 872
597 218
28 171
108 505
147 719
813 850
557 1000
653 745
678 132
758 502
425 802
245 161
852 895
264 480
487 164
342 681
877 71
952 589
311 474
224 484
956 941
447 778
981 462
948 569
897 569
58 631
884 703
151 482
10 754
378 740
987 702
344 940
439 39
116 336
995 591
927 22
133 381
666 8
417 574
662 167
77 381
974 245
962 645
816 252
148 207
859 823
254 815
625 937
276 85
629 929
889 524
584 254
103 574
537 168
777 263
258 987
6 101
248 713
871 565
948 371
647 484
725 900
119 405
599 943
87 251
82 868
100 102
131 187
51 395
226 103
327 462
679 53
755 435
63 336
691 603
658 368
198 441
551 511
277 966
313 501
846 649
339 629
599 467
415 968
950 891
45 572
902 766
485 966
984 237
468 966
30 965
808 443
992 712
754 427
739 69
725 26
874 676
984 156
907 728
18 772
283 360
997 970
838 410
862 44
424 194
795 501
550 399
466 325
670 919
141 219
883 684
774 845
192 221
312 553
586 37
344 904
311 220
911 544
410 319
546 175
748 337
932 635
936 859
115 884
153 87
562 141
416 456
858 788
840 311
876 557
724 905
337 795
721 812
430 505
36 395
223 779
149 116
498 310
870 38
766 151
918 377
405 843
669 494
985 937
305 495
324 285
756 312
298 880
310 969
945 735
855 436
566 9
414 810
879 50
111 164
422 273
78 343
377 778
360 88
471 316
399 3
208 28
760 537
209 373
63 406
526 602
911 228
440 63
900 710
939 167
401 308
369 248
21 991
27 414
816 569
375 422
930 529
414 742
208 713
924 55
374 250
30 918
986 1000
550 217
346 587
477 739
1000 708
622 831
973 687
957 42
415 706
163 668
844 732
45 577
446 896
88 220
342 721
623 832
240 823
279 224
525 200
308 848
118 699
391 379
874 461
893 639
140 57
989 12
215 821
906 576
477 985
50 778
951 702
684 717
116 63
389 173
720 761
968 525
836 944
666 243
923 704
102 969
619 305
693 730
309 289
861 276
276 414
353 549
871 927
394 97
641 32
716 988
822 16
209 183
798 25
252 243
54 313
937 699
938 388
812 365
816 423
564 510
674 138
124 53
324 535
973 190
238 889
817 658
397 712
311 924
186 963
47 902
449 403
583 720
195 659
933 993
844 60
612 32
338 877
449 12
503 369
930 565
403 96
493 827
22 691
95 27
77 572
995 9
407 143
193 7
29 441
478 32
406 333
744 662
414 350
365 615
40 797
347 907
921 692
125 665
866 618
946 289
766 934
586 264
273 137
535 337
210 740
984 451
974 546
486 968
278 964
373 330
983 641
654 611
378 560
932 65
371 297
12 231
50 814
125 362
896 562
128 940
760 183
374 991
747 339
370 448
991 836
524 153
466 849
512 753
528 217
966 514
879 295
366 846
148 133
652 319
650 323
375 516
457 739
265 706
104 872
414 211
897 299
868 874
336 395
264 760
318 271
66 316
708 243
485 294
858 256
915 827
60 834
318 414
750 509
164 992
534 898
648 557
173 707
178 644
198 707
694 708
734 913
436 252
679 16
973 307
855 819
521 3
407 290
815 417
874 943
863 189
625 87
476 711
683 883
721 452
9 832
143 661
237 282
240 2
277 643
619 526
909 382
179 161
821 530
878 605
612 566
754 535
562 674
140 268
639 336
678 276
511 72
46 162
943 144
377 201
430 61
583 137
876 149
623 888
97 218
138 3
761 179
710 20
767 77
329 63
211 63
582 82
287 114
549 363
295 679
799 655
44 357
459 696
615 30
836 411
305 151
750 771
765 43
435 820
445 236
757 377
775 878
842 473
326 702
55 404
867 118
77 380
295 91
10 311
859 822
55 261
543 621
334 196
559 917
50 647
803 351
401 771
847 659
77 94
779 166
780 629
488 35
387 465
90 795
623 834
954 832
59 556
794 937
973 57
474 237
403 43
977 242
872 472
138 772
322 41
577 366
751 960
642 660
699 621
406 969
371 524
320 522
160 163
124 236
56 116
899 728
811 388
207 791
373 571
63 339
1000 459
639 816
711 359
548 941
810 52
60 571
76 962
541 164
946 564
514 848
934 93
639 534
47 301
531 227
878 654
187 553
23 391
834 368
670 762
486 551
910 133
796 962
499 665
680 886
288 692
147 603
886 4
889 288
778 795
705 374
27 878
676 337
843 448
260 760
374 714
801 820
567 921
969 442
153 165
523 410
283 550
379 845
378 616
235 289
128 997
111 626
258 376
332 72
337 465
407 601
896 506
609 109
37 716
667 589
10 344
125 387
236 796
851 265
135 64
671 18
341 731
250 896
234 269
966 586
186 488
977 419
704 613
564 709
46 596
547 913
305 494
803 379
315 565
872 278
907 265
358 629
52 384
613 225
206 649
356 30
582 804
115 598
596 892
143 9
511 579
368 723
464 751
251 14
68 584
108 653
63 345
274 59
104 380
30 516
429 750
928 51
583 781
574 208
740 312
173 745
251 477
603 569
347 942
386 850
804 878
330 87
350 402
886 96
870 677
421 869
874 552
874 54
527 920
472 316
273 317
844 556
538 451
331 780
392 769
123 997
991 216
933 789
780 411
528 324
582 11
785 299
103 327
258 429
905 914
715 519
221 210
689 160
597 567
672 978
582 309
89 832
842 398
491 564
111 775
22 284
776 784
290 220
148 226
538 822
560 802
615 260
105 75
358 311
489 420
112 909
924 690
930 31
436 852
312 346
189 684
65 614
621 617
100 424
798 937
357 327
488 394
717 39
817 212
540 608
902 891
632 866
74 990
664 316
350 931
385 813
777 227
7 690
160 235
441 758
596 686
51 371
750 179
810 12
848 855
207 636
545 873
838 694
621 62
991 510
592 332
316 196
373 789
554 152
512 336
424 125
732 663
45 531
852 869
395 556
87 964
737 675
978 591
135 550
463 181
176 605
356 679
88 185
993 394
636 722
140 79
364 493
676 744
595 283
460 984
475 489
828 403
296 740
579 280
395 232
159 83
815 22
920 26
512 59
859 700
382 507
628 503
222 640
767 265
190 337
927 239
911 406
694 238
883 163
723 266
708 478
525 512
693 430
286 12
146 995
348 477
295 198
868 644
135 526
889 743
102 724
712 104
930 35
272 825
555 466
96 413
483 463
618 382
379 302
161 87
509 703
629 670
872 509
873 836
637 163
329 934
272 999
21 564
953 915
189 402
778 337
584 640
170 33
893 345
216 415
734 545
165 362
868 175
192 664
892 309
106 233
843 923
227 398
61 529
730 315
531 198
562 720
544 75
421 419
9 545
28 331
2 298
365 518
974 652
593 803
781 20
453 926
560 367
945 267
429 250
340 299
417 722
272 187
24 552
240 719
687 271
261 965
841 91
577 716
572 989
40 310
153 121
816 407
300 877
140 849
513 489
352 215
175 697
290 149
36 401
384 210
186 98
594 167
206 97
692 683
231 758
55 260
132 743
884 236
479 712
957 872
745 162
312 419
918 637
423 433
376 554
879 24
935 474
612 677
847 397
480 984
651 995
66 257
976 152
482 261
962 327
829 533
25 653
234 893
844 62
648 857
246 312
726 246
369 163
49 813
131 201
164 586
56 339
790 642
147 892
5 358
619 604
224 458
965 632
588 977
520 113
967 431
550 413
493 548
701 31
739 468
890 72
857 769
107 174
684 822
244 973
212 163
412 957
328 416
295 868
741 820
79 957
631 608
27 798
709 278
12 74
16 13
789 398
279 444
594 942
447 526
528 488
323 756
809 465
267 167
7 342
874 137
984 585
414 364
571 187
81 971
816 258
546 631
853 873
432 59
894 95
936 635
694 285
551 635
154 587
11 206
86 646
196 194
896 136
12 748
381 459
275 418
612 345
868 803
56 582
506 620
649 290
133 977
741 140
86 390
104 95
345 347
311 954
705 715
480 160
493 964
789 631
811 483
389 793
427 474
748 958
659 87
899 580
421 136
9 782
123 440
146 145
899 981
312 729
297 11
554 153
173 744
821 615
496 421
95 199
153 580
84 180
212 481
952 920
848 537
387 423
981 275
430 11
359 419
72 739
606 96
787 582
633 966
62 758
908 210
453 59
734 196
353 127
745 685
743 142
714 400
239 607
573 331
266 993
174 238
158 659
900 924
633 145
635 301
871 187
323 865
824 954
969 183
992 112
21 234
357 130
90 527
881 776
220 414
457 628
665 63
602 595
465 33
85 776
487 912
920 77
367 78
461 53
582 615
472 754
953 189
91 24
453 657
811 771
357 501
379 261
162 229
756 653
851 755
121 982
989 769
996 99
708 959
323 475
570 824
364 546
798 840
982 37
251 45
895 716
734 586
19 163
701 387
541 250
707 270
263 852
929 792
463 37
861 853
511 836
332 377
13 786
531 173
79 561
322 466
217 312
535 738
297 240
80 512
465 790
173 605
696 458
255 135
75 775
404 727
502 346
875 220
325 179
862 490
630 70
23 172
631 699
597 775
981 408
970 980
676 362
144 11
957 671
364 494
862 373
922 54
782 602
589 776
365 980
629 7
187 28
291 182
270 965
789 311
477 427
558 108
82 93
358 502
386 317
589 618
1 193
827 93
556 373
314 120
775 917
758 631
618 520
871 812
712 907
471 162
571 80
153 303
194 581
158 56
825 733
128 123
295 701
310 151
490 113
573 787
100 367
851 433
779 188
512 273
73 977
367 211
673 770
690 928
530 653
440 144
217 702
548 582
773 295
132 433
29 87
780 689
143 211
760 595
569 51
702 241
887 175
526 899
434 491
187 801
796 413
32 50
144 540
472 185
661 741
424 316
98 207
376 157
58 205
484 544
398 848
5 658
340 231
86 455
325 885
307 406
736 804
112 78
517 375
192 982
126 611
314 617
442 546
353 197
743 496
486 795
805 157
2 218
807 816
830 544
93 12
830 691
724 146
58 340
373 477
672 940
361 509
73 433
430 553
872 911
555 642
153 410
965 283
860 231
901 547
318 719
466 962
177 701
635 37
256 12
849 131
394 182
750 701
785 975
200 377
293 900
475 801
574 623
441 113
684 219
775 300
815 771
569 315
621 560
603 45
143 134
664 87
761 981
800 663
597 187
273 745
592 969
376 532
96 664
613 941
850 529
66 32
198 557
18 191
660 882
365 20
57 803
720 45
902 979
544 283
427 497
302 767
752 414
271 256
772 507
706 99
826 971
371 243
566 543
536 990
99 150
338 706
527 224
328 771
784 578
843 23
579 359
170 695
865 630
100 564
430 381
450 583
74 427
457 289
785 821
170 582
986 581
725 136
502 275
753 759
352 328
904 719
135 617
463 108
617 899
196 617
235 5
19 772
84 998
76 138
225 152
501 903
447 521
772 136
97 826
353 828
462 206
780 215
547 292
111 749
348 241
993 780
701 563
885 278
653 432
125 385
16 955
897 966
864 31
930 947
39 854
300 3
656 363
641 473
827 498
314 163
902 480
401 749
879 462
737 481
722 375
528 753
598 660
674 498
76 312
24 227
134 152
851 726
229 790
52 305
894 704
879 172
935 78
591 581
632 487
542 436
307 997
347 484
935 223
313 308
472 748
397 684
864 697
392 52
963 703
568 173
952 204
811 371
649 108
373 654
236 250
824 348
812 863
1000 711
585 881
900 458
28 285
529 480
605 533
790 393
791 928
649 991
504 800
305 785
912 263
759 660
515 930
535 447
390 906
835 377
3 231
611 922
776 421
465 612
288 783
644 497
918 15
516 462
137 778
196 355
828 488
789 274
671 647
784 254
222 682
226 663
101 315
853 780
802 782
841 168
254 795
914 896
703 594
704 468
854 986
637 458
482 96
710 542
894 459
912 825
438 381
105 581
370 159
617 622
465 177
785 774
555 488
100 475
252 14
879 83
973 42
974 381
978 492
925 135
985 676
323 333
859 143
553 872
935 114
179 603
43 954
794 798
914 730
180 113
865 959
792 371
133 69
924 880
262 619
623 316
536 888
994 652
209 624
928 226
740 502
749 118
894 865
237 418
241 869
498 590
852 897
156 904
229 718
469 191
715 187
18 937
610 847
978 811
272 321
618 982
52 760
74 400
457 360
790 570
113 510
352 530
867 213
981 325
994 326
294 740
727 970
139 549
175 355
88 858
165 793
98 364
10 730
357 737
835 913
10 349
568 628
273 424
457 219
903 428
887 989
927 314
984 740
13 294
14 961
897 755
810 864
760 331
776 720
943 588
514 807
859 513
568 850
241 874
332 647
421 850
907 151
249 524
513 316
646 919
276 462
828 755
956 440
558 476
45 247
375 656
709 144
571 83
560 192
987 131
971 774
201 401
113 530
684 97
357 391
380 1000
403 163
846 245
849 55
353 448
637 48
177 626
806 551
298 966
704 845
105 464
988 525
332 41
117 781
299 304
137 45
265 96
928 288
638 597
560 714
117 958
764 411
587 690
753 142
424 686
258 526
84 408
369 790
153 737
959 963
222 117
928 662
28 214
302 301
819 197
748 165
842 695
877 327
662 541
937 997
611 103
597 56
835 879
396 225
383 19
791 1000
120 697
980 39
636 641
451 691
452 664
325 150
480 604
148 753
960 91
173 354
514 318
336 768
465 684
466 127
20 538
455 821
24 605
710 821
171 818
261 737
175 699
289 760
183 220
813 69
300 24
910 865
552 689
161 768
153 266
85 719
529 679
869 207
941 690
856 834
792 30
686 638
480 841
433 913
778 371
102 241
733 592
612 20
248 991
100 832
462 875
772 484
757 674
467 556
376 726
70 763
990 635
751 528
355 227
139 830
786 91
291 587
152 855
782 983
911 753
530 526
791 927
355 449
672 269
835 843
175 170
343 788
457 433
990 229
956 77
832 195
46 189
340 474
676 348
364 416
130 104
723 795
740 859
210 826
999 254
37 407
741 899
637 594
149 926
408 280
281 14
852 339
875 850
931 68
988 147
771 943
222 719
211 314
139 41
289 644
767 977
129 115
940 925
997 860
136 928
536 306
247 72
578 949
452 342
536 417
883 10
332 828
42 795
7 788
323 195
716 666
954 867
224 524
410 913
659 266
725 533
892 42
485 460
877 826
869 342
467 341
21 987
170 487
263 882
88 868
808 637
525 267
578 27
421 940
98 555
153 729
482 23
212 380
268 702
472 481
646 944
331 358
489 801
959 616
265 628
287 499
198 202
238 699
757 841
707 590
652 491
28 397
74 95
771 463
610 125
97 150
803 806
153 868
800 461
953 973
405 326
563 990
123 855
625 553
935 890
495 963
386 149
297 598
183 102
251 363
358 456
340 579
180 792
332 755
314 98
926 282
366 950
667 528
300 480
674 309
875 647
309 350
863 795
595 813
100 373
67 388
932 636
111 87
67 21
360 41
513 915
853 122
205 191
91 418
467 936
15 386
186 604
850 583
651 698
379 101
398 425
471 589
241 68
114 458
702 219
83 873
501 570
321 172
457 189
985 325
675 797
470 271
919 590
338 873
50 744
986 857
40 995
684 402
373 865
945 807
670 535
138 652
623 541
810 154
703 469
156 824
257 258
195 834
751 605
52 761
182 824
18 825
292 296
510 99
994 94
796 200
156 687
992 611
352 642
64 54
796 895
671 637
156 734
895 147
808 149
383 463
619 936
98 365
321 522
903 848
896 744
288 701
400 935
295 814
837 167
509 278
741 987
82 200
267 422
699 443
148 419
665 255
97 269
707 596
154 892
175 678
803 73
963 106
153 444
45 246
234 305
703 163
833 911
789 783
157 333
537 215
573 785
788 932
744 397
689 316
11 264
412 405
872 585
305 817
613 213
81 76
686 611
342 405
553 826
845 2
42 305
374 335
828 768
579 251
338 350
694 728
437 673
789 572
792 336
920 645
553 784
557 688
551 470
739 846
332 264
80 305
743 814
321 57
963 630
456 768
881 33
878 78
520 457
593 757
406 754
764 163
744 871
265 722
783 304
307 107
364 8
443 635
995 950
703 457
654 7
947 59
35 597
74 437
75 852
848 596
667 392
316 90
815 112
175 145
767 363
168 65
446 860
896 704
550 342
240 883
24 896
956 25
42 477
316 440
197 107
398 658
80 869
610 404
727 719
984 705
303 531
452 959
541 859
571 291
440 799
22 26
941 237
728 894
653 313
258 259
41 657
650 580
936 898
59 981
632 17
582 387
803 498
953 449
145 780
862 915
850 971
651 6
802 166
654 959
493 409
898 629
388 539
484 172
506 996
57 470
350 717
725 911
997 106
319 114
197 203
308 193
219 294
994 992
901 340
484 898
750 413
218 242
275 105
940 397
815 611
372 895
726 154
907 604
754 115
77 670
121 318
83 801
907 941
56 487
22 652
874 911
854 169
877 8
606 478
588 125
772 116
520 485
839 710
795 829
429 535
382 521
791 809
259 488
797 967
852 809
191 729
657 205
566 831
917 883
73 175
430 498
515 840
199 723
956 78
598 511
636 678
857 695
222 283
18 547
221 40
277 502
631 637
857 544
120 948
652 181
818 141
89 99
162 681
624 324
435 743
58 374
631 25
120 35
173 103
908 414
784 148
469 908
625 878
468 895
441 471
745 353
104 631
598 955
34 350
551 743
276 16
560 826
797 547
798 260
923 406
569 572
237 598
509 913
224 815
209 61
928 685
125 225
327 613
1 672
189 644
775 253
518 161
278 614
314 387
483 264
632 489
742 594
104 66
782 453
218 552
364 652
402 573
293 664
278 539
583 747
621 308
34 740
53 312
271 241
772 330
593 275
406 600
691 698
13 922
696 100
473 173
271 358
347 644
477 589
574 69
635 105
887 199
757 928
208 605
672 986
23 444
468 999
530 961
36 675
937 56
10 962
174 817
141 24
773 723
813 550
687 125
59 410
598 539
717 643
737 869
184 867
580 725
321 767
722 133
782 637
182 409
184 978
352 436
850 335
944 648
17 840
512 972
464 823
721 909
404 882
315 425
961 671
600 457
853 921
214 665
729 747
548 105
989 297
807 353
810 940
760 15
667 557
873 272
158 944
953 392
612 907
201 862
241 575
857 875
565 652
747 537
142 631
15 751
219 64
24 82
78 261
446 849
507 461
509 670
110 154
94 767
699 971
39 170
186 746
722 488
713 763
660 982
474 161
256 276
385 526
332 7
668 425
941 923
891 272
964 460
679 107
185 291
138 939
602 84
490 810
215 587
130 971
277 904
49 793
212 691
514 869
623 431
934 14
912 143
48 771
71 25
735 54
204 958
813 872
61 3
145 752
485 931
930 784
843 209
614 796
579 747
914 380
900 319
304 827
204 755
130 774
316 405
279 259
118 654
255 128
87 988
405 345
154 91
301 472
110 792
914 689
742 832
45 979
120 662
585 166
289 609
326 964
76 815
102 301
847 226
98 575
279 598
819 581
328 40
571 228
410 530
806 1000
261 429
337 63
634 959
102 889
820 700
362 666
492 861
973 253
650 479
238 843
564 697
676 527
551 909
167 900
573 897
523 180
251 895
640 72
768 61
632 658
440 414
439 720
977 137
150 813
389 43
82 559
614 357
910 711
638 712
531 782
769 645
518 354
42 449
122 992
831 67
155 738
797 47
1000 69
178 641
655 177
769 578
807 986
945 661
962 1
564 253
892 194
126 938
274 127
299 720
748 897
491 631
772 401
815 285
321 937
635 398
947 58
967 455
515 734
992 657
682 309
421 431
494 879
30 637
541 622
986 719
425 693
923 210
27 921
213 958
456 733
557 793
6 753
939 844
961 948
583 277
952 689
153 204
379 932
468 467
219 607
383 704
3 334
6 531
7 366
702 846
823 200
306 733
241 788
223 908
650 526
353 646
10 417
50 606
406 753
201 474
244 472
579 939
811 942
578 943
651 57
927 860
675 143
902 394
595 597
86 856
802 393
698 342
4 731
833 549
547 679
677 764
698 88
963 823
52 126
551 100
147 930
935 133
829 642
835 497
543 960
730 249
821 814
388 495
355 450
302 621
213 30
238 579
239 629
169 216
703 415
213 143
749 461
58 832
311 534
151 201
961 197
431 169
914 309
952 896
890 84
490 294
257 591
574 490
460 830
923 190
173 307
212 175
361 531
197 445
182 515
908 614
667 181
995 512
249 934
762 5
529 180
287 204
71 326
11 774
374 638
632 265
988 796
325 426
819 118
366 702
2 991
392 959
249 640
755 650
438 74
556 425
168 634
63 587
716 807
495 252
206 65
430 649
989 486
239 251
559 948
67 29
858 419
451 11
34 33
846 128
220 584
693 275
626 790
538 608
647 454
81 395
299 92
85 451
158 273
888 632
180 489
608 484
440 86
424 955
133 989
252 60
548 744
380 105
702 46
21 616
995 309
686 890
326 245
431 265
948 101
750 41
753 251
361 536
368 295
938 95
65 217
906 234
95 662
454 821
751 705
259 297
999 715
782 151
690 773
753 37
899 985
353 439
833 77
463 958
890 150
545 817
683 975
44 855
870 719
192 994
815 186
526 11
966 178
648 116
700 266
456 646
757 248
486 183
653 13
502 493
144 35
257 964
387 329
253 922
903 474
597 577
624 353
736 299
370 553
310 744
713 45
607 649
742 416
853 637
927 246
968 509
237 680
1 106
702 818
815 402
101 137
675 246
551 539
276 11
744 403
878 58
237 795
985 911
582 603
841 595
823 839
755 53
646 964
388 988
427 126
634 890
564 597
360 43
930 808
346 66
256 358
133 928
252 120
473 381
313 228
341 169
704 915
998 725
809 450
363 545
994 536
62 120
85 313
731 379
381 702
479 81
209 629
621 424
147 843
869 554
449 183
32 153
86 332
783 222
60 367
632 962
601 53
870 142
312 616
408 871
317 233
799 677
767 369
438 583
511 55
510 228
5 604
952 336
321 671
731 852
843 318
607 297
60 813
870 981
317 971
232 969
1000 851
583 304
508 654
41 921
117 174
317 486
62 865
88 476
224 172
595 399
483 937
214 843
550 785
572 933
228 986
202 611
131 283
79 260
172 106
25 170
860 988
883 166
167 673
941 314
604 20
587 495
516 962
897 301
863 910
132 558
831 364
445 545
502 562
484 25
289 29
181 103
219 476
57 41
591 556
155 628
636 891
928 436
836 325
582 865
489 566
665 603
170 42
262 586
877 913
811 919
441 533
795 930
622 927
588 91
498 625
541 331
321 936
394 820
749 488
480 661
666 556
795 192
191 679
965 528
992 358
30 867
714 784
363 194
610 193
3 809
175 147
32 899
5 565
828 255
114 771
377 211
36 986
771 9
226 312
763 515
601 348
178 171
444 16
260 657
157 747
763 752
362 59
514 172
254 485
100 658
3 433
775 727
548 83
236 935
916 119
991 785
595 24
558 396
154 862
447 759
177 471
419 366
168 558
776 813
372 278
792 591
432 227
984 912
112 891
885 592
617 978
980 708
983 231
954 987
798 200
121 876
341 547
508 52
875 214
168 987
298 790
190 280
542 205
545 383
452 769
215 959
369 491
831 17
355 808
302 801
371 730
223 353
523 433
394 615
967 870
968 576
56 122
454 658
868 249
815 466
941 883
29 345
469 18
750 253
937 288
574 943
612 230
795 910
887 60
854 175
216 239
930 631
15 445
900 67
813 798
43 562
653 693
805 458
113 298
956 874
858 181
83 750
283 496
321 805
506 235
383 163
834 509
995 465
436 67
931 525
364 268
827 620
844 518
495 714
761 224
923 177
121 1
66 642
451 656
988 473
454 293
349 17
991 710
595 361
351 679
49 381
767 111
589 891
252 115
900 534
83 42
466 94
766 301
749 929
770 38
737 57
797 799
282 380
486 244
417 467
936 977
31 248
442 6
580 288
928 961
750 912
346 474
864 19
383 965
918 816
722 81
353 530
157 386
513 234
589 447
516 779
578 944
745 129
379 399
381 341
988 803
828 916
998 695
455 149
309 25
336 73
82 613
512 148
881 675
459 277
523 332
304 202
68 551
464 316
686 891
238 770
111 496
709 64
655 25
751 704
117 740
192 709
890 292
874 993
97 687
951 871
455 404
999 603
681 144
498 998
661 906
26 455
468 80
899 246
592 388
611 160
619 861
767 301
93 174
505 446
698 663
970 912
996 912
316 354
409 128
176 661
965 923
701 881
957 743
483 908
997 736
11 805
269 346
125 351
841 22
568 954
127 817
223 950
903 362
961 669
179 712
6 67
257 424
619 310
162 429
606 560
157 358
105 77
214 633
305 435
767 583
932 744
24 37
778 242
390 244
492 650
137 162
312 352
42 713
224 700
320 827
693 374
768 83
684 159
637 153
985 680
693 231
698 271
686 804
284 896
868 34
554 884
657 591
916 664
460 300
647 600
652 838
949 336
352 968
284 241
934 159
296 287
874 684
922 639
616 328
672 106
833 861
749 404
66 626
18 820
75 173
745 961
193 314
515 885
933 46
166 363
460 752
515 828
67 890
943 133
1000 965
875 211
202 395
135 941
887 552
999 178
141 284
2 98
116 324
687 369
504 30
620 820
310 300
978 506
510 579
638 336
819 726
244 87
392 888
230 38
324 47
823 23
951 66
737 210
828 655
85 838
736 22
594 76
98 799
64 915
428 140
855 279
379 454
141 817
38 727
205 126
209 143
301 555
341 526
731 154
349 255
147 317
367 768
701 125
530 646
935 445
115 286
43 13
389 41
941 620
394 497
562 464
90 32
860 604
114 410
5 217
636 507
713 870
933 573
401 356
57 778
274 143
423 975
262 587
502 844
783 31
868 341
853 231
726 95
153 769
930 592
146 67
865 697
886 785
887 456
635 19
294 858
761 307
838 295
753 893
706 685
305 716
841 402
291 945
987 543
960 32
196 626
235 28
456 735
361 650
936 73
575 994
706 591
945 269
802 654
531 826
735 744
573 285
723 240
799 335
692 701
534 168
148 467
130 162
520 614
813 415
420 415
989 254
737 141
591 94
281 167
940 740
15 914
271 516
770 357
221 795
917 498
336 689
580 348
121 529
927 201
914 964
737 367
521 650
168 702
480 752
816 122
229 27
515 149
641 97
660 315
498 876
385 419
439 528
318 323
376 560
910 903
209 240
604 799
473 267
278 861
863 626
240 486
815 767
321 335
87 352
848 88
890 559
66 61
13 738
700 828
772 337
755 443
367 577
9 907
872 253
688 638
964 661
721 392
321 26
179 484
113 344
313 622
762 839
269 171
40 845
592 266
83 753
374 432
122 73
602 735
711 19
821 639
861 930
863 212
935 944
98 462
335 271
841 398
325 229
967 314
314 534
46 344
689 578
482 960
546 973
233 390
505 417
508 832
221 22
793 732
704 1
801 973
399 768
715 643
917 707
950 242
137 785
926 531
323 762
69 2
676 62
912 721
719 120
850 249
499 477
317 10
597 540
989 194
191 561
254 224
932 358
280 965
334 184
427 886
655 646
802 854
162 505
402 552
440 651
901 514
495 111
579 376
262 68
779 106
340 888
533 87
457 700
711 433
336 74
309 283
877 677
795 734
983 706
363 34
773 139
960 910
522 428
982 19
307 793
207 458
860 699
57 834
76 106
49 281
123 449
584 557
696 103
609 617
756 401
477 586
649 151
85 5
198 300
540 991
30 869
979 690
242 836
813 914
524 587
445 270
504 950
981 172
933 124
161 959
19 585
921 593
540 253
451 13
666 263
151 461
545 585
303 758
732 516
878 894
679 891
40 426
871 467
617 123
196 729
602 836
19 916
866 817
372 58
743 21
395 197
713 66
441 391
793 986
850 221
45 583
677 913
693 689
840 347
110 605
314 312
279 700
489 28
676 816
435 994
902 310
478 964
909 694
682 708
41 221
422 587
786 363
885 535
465 180
211 568
324 377
440 278
404 433
206 893
872 377
142 741
635 970
716 691
121 916
727 91
209 329
802 318
694 752
347 455
556 964
977 844
793 398
467 650
13 554
353 41
364 770
420 572
539 558
963 670
380 500
473 142
274 425
581 385
277 774
497 304
853 179
431 13
809 949
539 332
853 36
88 98
329 344
279 62
464 869
473 985
112 183
455 665
313 896
796 891
875 210
72 517
490 495
573 135
26 250
373 161
727 950
808 40
98 728
706 923
193 756
340 653
849 733
42 442
563 77
35 70
456 17
292 895
404 785
775 770
524 2
305 252
345 831
272 387
510 311
718 376
519 377
991 844
474 958
284 403
414 57
732 44
609 287
634 954
621 804
896 199
860 136
661 73
681 779
780 115
779 178
484 180
569 746
213 478
219 417
209 139
870 843
91 980
667 166
731 273
147 173
989 718
167 22
575 149
725 600
67 130
290 703
285 888
752 537
161 278
806 314
865 990
829 635
295 387
302 741
123 24
896 296
373 720
714 731
449 224
144 530
623 460
648 840
579 938
32 167
981 131
398 858
860 897
517 480
169 114
195 588
423 701
283 22
247 985
397 34
331 290
385 897
301 38
732 686
551 411
922 882
691 179
109 762
29 604
780 180
62 688
704 428
783 752
184 798
775 576
170 785
135 801
402 235
379 953
819 644
310 265
59 11
626 696
763 867
12 131
269 556
309 591
22 364
120 122
304 65
290 172
1 39
21 44
225 449
798 300
855 325
966 614
366 882
771 596
629 936
524 260
428 369
820 659
31 276
202 834
521 538
663 947
902 393
707 227
580 115
998 294
46 947
506 778
203 512
618 349
341 914
54 505
275 508
132 403
761 991
775 443
156 265
485 467
531 815
151 518
557 639
694 696
18 185
844 237
995 363
251 235
967 241
324 885
751 686
888 242
320 288
263 922
827 263
86 283
646 432
277 830
632 909
269 170
640 514
37 94
421 511
431 160
620 441
531 334
392 440
938 698
478 371
501 50
329 225
700 464
919 54
689 577
546 970
231 254
552 199
625 439
311 166
59 329
704 2
282 88
926 897
339 41
912 63
895 36
236 743
699 281
844 998
793 844
723 143
590 106
249 788
917 307
40 281
611 578
491 55
620 908
144 375
328 20
229 959
534 36
810 948
542 595
230 239
401 965
870 298
380 211
263 135
101 77
451 127
805 25
896 272
80 654
662 459
693 355
393 826
447 459
285 508
882 280
771 705
703 794
688 33
232 253
232 207
416 484
949 134
950 353
608 264
324 172
426 197
673 204
391 513
621 526
623 64
989 822
39 19
371 579
527 270
530 606
238 145
385 729
830 501
212 564
907 636
215 675
364 799
446 333
548 969
116 577
890 290
184 833
792 150
329 466
810 163
593 561
577 212
678 584
647 788
299 938
563 361
620 270
655 313
749 430
273 11
296 180
634 158
83 652
770 964
644 957
916 826
331 490
614 742
395 905
179 782
291 840
348 879
719 392
480 871
739 326
467 11
583 329
59 137
936 2
719 313
391 370
841 139
664 652
476 122
797 880
482 711
637 625
434 674
474 599
440 987
572 924
956 291
541 919
67 732
340 584
858 955
73 371
736 157
314 111
900 810
794 309
119 784
64 538
715 797
439 949
729 905
220 260
774 253
402 59
375 936
103 633
954 913
670 271
921 199
730 888
987 91
310 940
246 558
453 956
604 631
535 823
502 870
912 782
605 75
598 822
198 510
353 851
187 907
756 840
596 549
737 127
709 770
104 495
947 949
492 110
541 277
100 635
878 440
105 971
839 16
87 879
592 467
938 739
984 555
524 616
62 443
869 777
622 595
398 921
331 615
575 968
64 442
317 968
196 687
343 584
269 805
663 117
685 477
540 480
84 804
712 581
782 605
107 397
14 971
55 229
867 663
300 77
16 219
966 709
55 26
357 862
159 232
291 335
55 395
41 713
82 487
889 909
299 623
785 698
276 505
993 889
6 228
11 190
533 29
510 534
738 877
996 345
851 438
524 496
410 816
586 649
427 95
30 392
569 346
241 313
167 17
647 267
798 909
166 285
437 315
275 80
424 630
960 856
246 677
257 678
916 719
61 720
416 121
492 172
294 126
955 912
873 767
801 266
87 557
222 492
614 978
619 616
377 261
998 929
179 59
17 436
443 638
918 588
94 441
49 539
496 484
204 557
957 105
335 309
65 337
296 134
381 349
862 164
156 575
451 697
575 29
143 803
867 469
248 355
305 940
827 803
485 320
121 324
374 534
175 611
303 542
344 549
330 472
116 457
136 785
304 243
343 690
606 748
137 803
42 843
946 157
894 43
422 165
698 798
958 708
962 667
599 722
46 726
941 758
215 229
841 782
970 618
762 62
168 672
335 572
67 434
379 484
343 1
589 361
497 849
445 721
816 971
285 392
307 752
950 410
699 902
648 660
722 285
907 373
163 709
632 466
228 37
48 643
656 962
768 140
218 255
290 704
554 373
937 523
96 671
575 25
977 890
891 160
445 804
375 39
341 243
153 320
459 72
569 193
532 307
804 402
848 888
612 225
99 14
778 607
799 971
981 948
855 607
535 605
784 452
739 254
44 984
891 939
804 546
787 852
437 979
666 527
39 515
597 117
156 893
730 406
554 856
61 184
464 814
174 905
19 821
340 113
70 46
911 620
793 650
199 718
737 739
295 911
170 976
746 627
943 191
235 250
628 627
165 731
900 642
633 931
154 108
727 889
672 737
236 736
883 551
735 718
741 909
832 999
392 980
261 975
837 122
179 576
932 386
898 238
990 408
684 739
119 926
500 908
852 345
102 72
283 942
766 419
396 711
823 40
456 42
702 907
410 295
666 229
41 987
723 492
28 922
656 467
380 729
538 987
208 458
408 60
854 945
656 354
343 436
436 714
917 133
778 221
220 178
993 592
336 445
299 195
444 936
569 289
312 310
593 219
719 559
509 639
493 154
556 888
569 3
860 518
536 244
80 208
354 403
597 469
180 11
265 833
755 409
815 499
835 465
605 987
986 847
716 84
114 642
920 710
902 577
373 663
653 581
144 603
134 878
691 351
417 469
308 661
992 750
574 168
577 68
540 72
821 593
511 31
555 843
443 791
879 280
799 594
411 309
16 323
761 129
102 443
156 615
529 251
170 397
326 819
336 831
710 836
979 167
282 445
376 464
586 79
849 759
760 310
188 807
941 159
861 72
537 306
614 143
644 200
336 605
875 820
180 998
8 560
342 903
185 904
49 879
573 549
885 499
266 203
693 544
659 880
508 298
492 999
480 715
10 244
546 258
747 399
345 707
611 474
272 583
898 391
242 845
208 325
413 138
508 8
327 580
539 996
665 289
168 775
85 626
512 444
287 518
128 437
774 28
775 365
411 518
375 201
11 448
509 515
857 126
644 95
464 396
47 539
657 691
584 365
548 339
329 770
38 874
95 879
26 866
711 401
659 10
199 189
806 367
517 232
791 537
167 291
252 713
90 284
708 60
874 960
722 218
674 580
108 392
442 820
155 89
913 149
911 646
348 558
511 930
539 255
946 215
748 207
822 834
404 735
776 362
429 892
378 868
399 932
815 88
3 187
451 621
767 83
299 225
427 52
642 433
382 6
55 228
148 570
481 774
281 95
107 285
897 869
861 428
496 788
726 798
934 894
987 506
555 670
940 972
558 487
4 503
873 503
585 395
667 701
245 985
717 271
383 879
3 789
479 620
831 283
797 663
506 970
256 215
367 219
833 675
171 452
104 993
391 571
30 393
893 191
786 539
884 346
33 20
933 681
436 87
788 172
984 498
171 14
369 92
25 696
319 826
825 161
916 712
856 377
557 682
411 768
599 339
66 750
986 148
380 427
226 769
99 21
616 137
573 162
401 123
735 128
776 89
817 999
354 44
464 948
961 591
502 156
337 603
457 269
296 141
501 92
53 831
130 492
23 91
101 855
880 202
933 336
261 935
908 166
233 496
140 100
857 718
822 584
201 18
398 660
166 720
120 926
796 639
841 66
275 868
628 318
762 452
2 871
556 450
505 966
345 793
1 37
409 776
764 556
485 29
894 443
603 848
860 255
418 70
475 27
667 665
854 517
176 156
732 417
737 477
697 385
444 901
229 105
189 747
81 418
445 577
769 543
746 404
910 565
665 650
631 499
498 205
975 877
337 841
998 518
503 124
677 743
299 685
584 677
752 634
238 874
665 932
868 229
701 746
872 224
229 557
260 110
623 381
6 305
860 804
530 173
252 753
644 165
717 601
374 4
31 749
782 47
933 129
130 686
402 331
208 518
818 835
966 662
53 738
517 339
411 296
395 623
767 309
994 243
80 863
62 707
157 937
672 371
322 820
897 530
420 409
261 923
406 220
634 461
466 459
763 547
837 232
876 258
715 644
926 534
874 367
701 256
277 210
978 449
432 421
799 50
825 406
715 994
936 981
135 37
393 606
124 608
307 58
224 950
336 656
577 886
214 593
766 130
306 676
402 551
32 169
210 264
157 271
216 885
547 923
380 952
458 798
963 107
985 551
911 459
256 159
419 765
301 210
385 573
321 447
678 605
551 801
518 42
498 241
688 257
57 214
246 738
542 463
790 837
407 271
483 125
126 999
584 203
968 719
53 435
56 393
240 358
232 880
114 643
26 545
544 430
139 962
468 894
507 976
56 376
754 371
107 982
574 222
776 17
795 799
155 124
376 971
231 425
148 995
347 103
188 150
848 899
559 223
320 44
791 952
387 430
634 15
65 280
193 451
636 593
451 739
359 474
783 532
477 11
61 332
232 978
179 229
291 219
131 35
679 884
487 996
975 173
758 215
596 54
10 689
934 529
325 504
770 151
493 359
206 277
227 794
103 183
304 228
125 347
624 358
348 62
901 816
980 427
28 840
590 814
955 127
300 72
928 993
836 170
931 246
439 951
300 479
927 130
478 308
270 643
163 977
475 67
901 611
281 446
51 784
197 754
804 295
953 364
367 198
793 283
298 859
502 555
450 142
876 968
381 486
932 970
493 236
828 811
303 811
996 133
209 317
360 191
474 171
313 239
77 894
133 60
124 191
90 507
860 747
400 181
134 414
674 867
89 129
17 684
623 324
645 34
354 295
597 345
619 753
375 415
605 140
166 158
313 570
365 889
767 440
235 889
401 47
40 889
922 635
272 111
541 275
763 175
363 301
236 101
790 562
313 788
425 818
905 504
689 991
729 156
164 361
572 382
165 944
404 728
351 965
304 540
860 605
912 347
952 678
791 77
457 200
66 710
969 495
643 106
396 426
344 587
163 433
534 128
929 57
774 659
827 841
318 879
249 722
965 12
878 4
619 377
435 602
503 929
871 807
598 997
110 495
758 767
581 862
512 379
175 909
681 776
693 312
890 962
210 464
285 418
881 525
335 499
495 273
613 222
650 424
9 288
273 875
543 295
864 836
398 370
941 616
543 692
582 858
731 444
290 698
897 450
886 728
48 616
327 478
935 962
242 306
43 815
541 36
959 789
375 498
568 254
338 41
554 433
521 8
85 73
770 761
532 392
956 748
540 915
924 114
72 133
790 623
442 713
781 558
796 180
159 209
585 703
602 711
397 95
753 881
958 464
916 781
278 290
887 746
71 281
75 986
205 871
166 935
876 136
126 507
255 221
875 64
322 832
235 161
914 636
701 836
758 799
762 338
217 634
895 402
128 532
336 919
392 905
172 125
942 193
598 807
324 123
841 978
516 766
976 711
33 538
875 767
876 588
606 637
419 277
112 737
297 834
334 160
485 28
750 616
132 745
625 5
933 196
802 161
90 895
306 784
271 806
885 31
475 907
148 19
190 434
162 179
935 460
721 960
519 141
200 147
635 518
379 196
643 925
509 601
797 412
212 940
786 911
15 451
221 810
630 654
406 964
996 44
503 236
450 920
379 34
50 282
695 658
351 456
744 940
393 296
123 57
431 480
144 738
270 38
915 431
834 165
377 503
85 109
235 688
8 192
320 338
397 498
992 708
87 880
773 855
705 33
47 28
156 895
931 563
457 296
900 366
278 206
619 884
286 837
948 626
252 839
127 85
889 414
690 153
382 893
143 769
420 410
103 664
131 969
867 499
634 458
802 686
499 304
686 4
652 172
505 647
201 158
850 245
561 366
373 440
876 126
831 751
633 364
424 10
780 863
874 14
379 676
977 271
405 238
465 51
928 821
793 807
824 646
469 603
918 932
578 909
230 738
137 721
252 140
401 740
280 231
449 752
980 852
413 85
879 70
458 878
629 683
281 707
502 639
836 267
859 186
223 307
243 401
764 245
473 404
551 177
759 306
282 690
561 613
618 606
431 279
199 219
55 855
393 324
52 975
570 524
22 675
332 335
407 383
355 182
174 606
726 923
145 270
657 896
568 37
249 264
192 202
606 332
847 546
957 62
818 868
467 302
148 851
10 860
669 539
47 411
486 841
268 404
363 30
255 4
969 390
184 763
666 259
101 878
391 478
122 331
175 455
32 575
382 153
855 150
11 715
75 519
947 391
898 65
239 609
19 920
957 738
654 514
855 845
408 380
372 181
390 316
836 946
64 541
287 861
755 607
115 122
152 240
650 339
462 461
621 828
271 745
402 520
671 862
704 604
65 706
266 43
604 189
327 582
110 306
76 454
59 752
247 367
29 984
357 507
924 550
927 931
949 231
686 921
294 484
955 570
707 77
926 233
261 859
894 573
76 788
919 864
446 614
54 133
647 689
100 34
992 705
335 753
927 705
877 790
414 556
273 680
721 359
7 679
13 550
105 541
87 405
68 363
749 844
17 461
382 761
759 165
545 983
286 995
178 216
216 91
877 346
329 348
596 262
279 58
88 21
914 375
520 130
114 793
153 991
26 343
448 237
356 814
729 268
870 160
698 709
757 166
619 352
892 863
308 824
844 986
442 374
340 649
537 355
387 568
466 35
799 231
756 128
296 638
418 356
581 59
881 849
332 527
617 879
249 563
729 889
838 674
710 759
428 137
525 565
820 699
860 132
438 342
918 620
464 189
617 905
410 831
716 587
453 891
458 855
935 299
354 644
501 851
422 341
596 896
74 918
241 143
955 695
310 218
516 785
345 153
881 511
769 29
725 326
997 417
910 488
752 620
971 202
40 568
866 508
683 222
702 78
544 376
599 450
160 113
948 202
291 713
553 766
41 12
221 536
437 587
725 408
963 527
657 840
91 728
575 698
961 242
528 571
583 95
195 806
469 465
398 969
38 336
978 919
339 819
140 256
178 79
252 828
810 408
917 211
749 661
382 838
199 628
477 934
554 901
371 499
117 27
706 584
568 537
831 788
366 677
162 155
300 243
502 283
323 658
641 297
791 423
817 40
690 310
913 150
373 80
881 893
850 48
297 944
651 875
195 253
841 819
879 335
461 98
478 896
764 925
523 120
462 692
871 552
379 342
345 426
440 466
184 755
566 169
678 258
254 645
826 266
95 643
741 157
764 210
488 461
754 24
584 679
416 41
458 444
835 502
514 949
289 398
787 123
19 229
416 514
239 550
21 831
161 692
770 730
255 700
61 979
83 519
175 95
58 843
942 695
653 768
545 927
768 483
625 329
147 615
459 649
467 130
343 815
216 548
387 453
460 821
322 818
851 852
991 716
595 367
267 312
866 806
340 705
622 145
417 612
291 31
827 177
594 860
611 582
796 716
12 163
822 372
325 292
897 931
845 557
441 479
296 566
82 27
619 320
76 765
449 981
653 198
668 776
263 272
896 131
58 178
65 662
500 579
690 911
285 105
911 469
864 998
518 153
78 416
6 461
998 593
11 473
877 672
161 265
809 131
355 842
907 739
910 646
756 594
147 970
194 71
527 443
394 517
754 143
406 592
651 631
584 594
329 581
330 790
826 755
242 458
8 110
83 946
587 450
19 366
569 194
481 755
506 166
956 772
723 627
83 656
635 335
359 327
72 671
434 26
967 388
673 723
918 328
577 458
406 412
766 518
801 642
288 571
537 612
98 976
577 379
710 57
508 865
988 668
219 766
420 447
683 797
225 65
478 397
80 972
638 431
400 963
849 756
347 758
728 791
932 417
92 390
55 50
442 181
193 781
512 627
196 484
713 214
641 273
951 116
497 675
131 595
888 76
137 530
693 557
885 609
408 27
409 710
208 475
251 525
395 311
826 113
383 884
594 501
979 597
998 275
342 975
29 707
996 304
134 227
356 87
449 723
301 594
137 430
428 603
218 643
17 896
134 269
655 165
511 619
882 109
242 268
703 105
816 579
912 770
126 950
38 248
97 668
811 312
971 797
599 313
616 751
847 995
938 973
649 182
449 136
982 274
621 50
346 560
256 808
259 411
425 935
581 484
714 999
877 345
183 616
757 899
95 300
79 683
245 223
763 286
268 298
718 790
535 356
905 591
636 631
654 338
883 706
648 295
762 205
641 546
222 229
404 568
560 702
796 534
512 817
722 383
474 398
128 522
720 948
775 744
558 8
997 552
762 431
671 811
193 888
234 4
418 863
55 22
591 64
149 989
496 791
907 275
101 500
817 3
339 451
131 591
210 750
872 557
340 991
894 386
97 675
72 344
958 703
225 553
392 604
788 474
719 706
777 591
336 489
64 792
713 445
971 641
665 258
150 842
281 521
