1000 9877
980 909
640 64
399 217
916 501
99 683
464 476
241 282
234 762
255 980
517 791
630 672
960 860
962 230
755 421
260 407
450 805
986 147
234 924
551 457
330 735
402 64
389 838
945 584
430 138
916 553
631 642
494 533
388 386
606 378
667 274
833 14
891 880
796 48
947 2
678 182
222 242
26 313
100 746
106 619
568 316
201 821
810 409
867 328
853 293
503 876
490 349
418 558
473 681
870 1000
49 330
31 846
378 758
128 615
364 453
93 1
365 796
211 25
781 709
226 418
192 382
966 302
383 712
25 402
154 822
325 475
505 602
396 735
932 505
771 957
3 455
22 353
371 129
337 369
999 259
675 89
254 206
615 392
720 702
239 382
353 527
63 940
979 815
65 851
105 126
876 733
328 987
699 188
367 26
603 280
659 538
91 44
202 847
377 282
150 743
264 562
281 628
724 217
730 653
192 442
932 957
223 584
750 315
660 39
590 288
683 398
332 240
831 30
264 784
160 833
626 204
243 548
834 897
12 945
954 550
169 806
430 905
207 794
562 823
337 616
436 340
374 232
619 447
236 137
808 538
809 871
408 904
207 568
619 584
800 110
361 872
531 238
516 122
942 692
874 662
910 150
930 848
753 787
809 1
234 886
886 17
339 974
620 453
182 616
370 968
259 241
562 458
800 443
527 568
680 897
109 729
37 268
810 524
444 258
373 356
182 394
348 934
858 887
804 113
699 397
610 288
278 776
727 603
486 239
388 493
326 516
438 66
556 417
386 425
392 645
814 648
607 807
732 17
788 291
78 135
564 714
879 467
916 79
702 632
354 730
462 657
530 697
603 405
630 974
831 173
445 610
281 705
601 756
708 824
180 497
533 307
536 73
167 213
902 136
781 857
565 962
603 179
473 410
610 749
550 55
440 188
248 773
725 381
94 115
363 468
661 689
348 762
235 670
807 760
900 46
192 843
744 680
800 138
730 455
532 561
383 255
368 140
421 414
539 279
226 38
942 720
325 818
770 961
168 115
282 834
878 913
576 808
574 398
107 23
624 187
59 360
645 673
667 873
939 908
580 734
729 464
801 995
913 745
573 351
651 445
86 727
112 589
439 146
81 914
906 709
559 653
239 321
663 675
867 860
743 215
873 287
727 492
983 838
841 889
971 902
86 776
992 507
178 105
923 847
484 271
110 321
347 17
183 399
793 367
172 156
500 561
396 852
716 545
428 453
377 81
567 346
38 908
555 370
355 792
617 205
582 893
668 722
410 402
647 691
742 631
213 267
730 103
651 772
205 987
273 686
170 62
230 349
544 751
583 710
752 578
543 896
216 319
238 912
313 575
521 98
925 704
696 248
141 394
796 83
728 265
766 833
17 92
734 483
383 147
41 86
459 707
787 363
527 850
343 865
504 590
571 706
30 265
776 366
207 278
464 980
451 704
639 307
641 944
130 439
701 972
886 456
615 778
762 202
705 566
965 983
365 823
131 771
68 494
879 998
383 727
594 914
900 981
816 408
713 96
362 94
606 757
594 805
991 805
798 427
712 808
710 855
616 870
678 624
940 968
779 458
543 125
374 856
693 512
201 438
862 957
820 206
779 91
567 825
987 156
56 554
93 529
975 631
747 764
380 995
938 475
96 426
377 867
730 857
551 789
437 405
895 443
812 327
686 728
357 182
765 353
12 831
217 827
359 930
806 429
312 97
313 188
665 547
557 533
579 229
69 927
859 277
365 36
203 201
21 936
316 552
762 584
372 924
436 369
277 947
632 776
728 455
69 689
472 133
184 377
993 218
369 771
408 941
869 630
73 446
121 885
434 193
914 183
701 157
443 629
118 49
657 223
363 465
935 697
120 81
579 718
307 275
473 575
683 668
960 39
616 585
230 697
606 36
636 229
340 312
969 392
326 895
787 763
538 191
867 553
634 292
118 765
858 912
340 687
264 244
162 667
179 619
54 661
510 123
810 843
315 123
137 847
444 605
103 248
840 266
608 806
336 537
86 295
600 394
620 565
822 281
988 49
3 599
964 58
432 155
56 599
256 105
989 409
42 598
44 8
941 390
764 927
983 255
544 486
271 803
718 120
149 141
760 814
445 748
745 62
618 308
254 820
507 287
803 730
555 301
703 893
959 455
318 469
484 37
86 849
983 477
90 156
271 961
418 407
756 713
578 761
941 585
578 842
982 159
656 967
180 397
761 474
695 638
554 382
60 747
426 13
748 568
674 823
90 446
381 653
75 302
856 745
29 337
900 164
133 452
834 160
655 434
127 483
307 394
296 335
579 908
52 788
970 307
112 23
883 939
792 707
562 745
912 504
105 902
130 349
147 617
853 343
451 779
17 181
351 542
944 952
446 870
305 882
417 792
624 144
364 411
771 109
274 943
967 392
666 349
830 712
27 749
28 578
867 233
343 527
129 317
917 716
871 53
88 412
343 764
970 838
475 300
619 437
712 785
529 973
487 701
239 300
851 166
301 825
491 727
864 43
500 687
564 804
964 30
458 907
111 983
962 619
135 455
360 425
158 124
717 467
242 995
613 130
704 738
584 408
622 432
675 612
720 328
612 334
99 661
688 182
176 410
177 951
200 528
932 801
276 973
480 864
356 147
214 17
784 866
863 748
756 604
596 809
393 248
378 294
4 261
592 48
683 139
797 159
216 292
143 317
591 947
133 375
599 388
515 611
623 514
789 985
192 844
598 196
66 941
381 583
982 359
558 566
869 471
800 250
585 628
278 233
852 198
374 262
302 227
416 610
330 168
59 506
22 226
437 304
391 475
874 429
121 150
770 147
457 180
165 587
956 330
996 879
689 833
173 48
980 320
713 75
390 307
173 65
637 764
270 869
605 94
92 55
601 307
890 553
619 302
173 219
291 283
628 16
332 629
828 594
613 452
710 522
713 310
641 49
897 175
256 81
24 45
868 662
742 187
524 458
234 482
474 405
415 34
759 482
863 546
76 336
347 496
416 373
436 120
322 99
464 183
915 103
233 318
950 609
826 435
541 92
202 710
742 711
857 287
195 640
686 977
442 991
459 23
540 788
104 326
436 367
221 561
208 676
230 801
781 431
449 142
69 621
714 914
931 64
463 869
675 773
69 510
911 653
457 276
865 631
772 197
305 215
7 398
209 927
748 196
148 882
829 133
614 741
425 839
780 335
657 28
330 204
956 8
32 606
159 247
956 255
724 131
887 977
780 429
505 723
359 216
474 898
438 233
828 417
903 305
706 773
448 573
379 771
451 398
144 294
239 503
331 968
91 284
851 241
284 822
836 891
210 170
258 596
133 600
904 13
633 465
555 704
871 513
216 817
656 574
418 257
930 708
794 932
466 757
485 343
180 315
952 340
346 47
956 619
6 395
122 534
621 720
802 490
54 391
5 193
890 531
281 809
359 884
584 654
255 935
220 810
61 746
310 169
924 168
462 795
946 688
85 228
530 307
967 778
894 830
614 34
967 155
435 58
493 784
297 61
463 968
174 661
321 935
178 872
269 191
75 240
131 162
459 785
670 649
710 458
530 100
981 365
342 697
787 540
611 224
779 988
980 43
84 96
456 711
398 750
511 163
566 115
819 284
506 727
399 820
37 487
650 978
121 334
254 18
330 450
758 898
686 95
690 418
233 277
928 619
590 763
794 452
340 910
953 605
557 35
765 192
717 349
241 620
522 349
975 677
153 278
34 19
128 479
492 699
974 487
617 106
604 864
720 365
849 15
374 371
781 930
416 334
678 554
897 433
76 152
169 522
960 779
800 960
800 676
375 140
213 337
905 647
363 716
569 489
493 65
355 928
816 702
626 850
633 985
181 868
730 782
882 947
976 436
722 712
801 191
51 264
749 161
697 510
56 498
700 939
477 638
60 458
631 157
264 223
85 105
888 703
273 919
860 973
535 603
621 248
803 637
247 510
339 867
446 517
677 183
682 287
95 358
425 782
500 470
173 408
892 700
767 304
936 414
495 733
153 916
351 537
296 719
16 492
382 865
978 664
597 706
809 361
851 873
291 179
954 465
607 505
439 27
387 740
64 279
344 519
628 287
685 176
580 410
687 264
988 103
206 220
262 274
893 830
417 347
271 608
867 947
738 406
487 610
771 697
441 190
115 19
81 231
635 728
281 421
644 793
567 451
276 232
206 873
834 686
745 25
674 7
414 794
876 993
419 736
15 64
242 5
726 198
645 772
547 764
659 278
882 935
928 501
731 504
809 534
147 91
117 969
721 355
428 656
964 610
397 735
694 671
271 250
614 280
419 943
976 400
463 610
184 323
377 725
632 833
562 936
515 610
810 170
175 752
578 158
669 757
602 264
992 740
120 543
83 661
778 863
981 180
395 561
287 487
412 393
790 410
866 116
758 14
482 781
810 948
286 677
253 590
986 802
937 618
443 922
835 401
374 694
984 358
144 29
433 721
278 968
67 935
840 613
487 450
917 751
409 56
374 592
162 704
572 923
157 603
174 363
893 849
31 38
253 242
624 490
263 72
276 319
409 858
998 52
660 421
699 137
93 666
702 824
604 10
876 807
788 449
201 571
450 280
287 639
823 857
555 487
224 693
315 622
195 468
125 779
973 761
266 162
356 33
578 885
949 20
881 172
986 11
489 977
422 15
869 382
599 325
506 680
40 576
49 790
865 660
539 471
333 898
448 340
925 734
708 722
985 115
329 503
459 884
61 24
852 773
377 483
305 590
178 212
382 588
593 935
101 940
726 645
549 948
622 602
550 471
37 224
978 574
463 186
203 265
135 291
244 779
83 399
601 427
399 371
396 334
86 695
990 312
149 760
991 513
776 590
671 647
656 228
965 102
253 948
405 293
704 240
82 188
244 944
970 671
917 372
42 862
48 195
474 677
650 736
337 155
618 60
492 961
932 678
515 470
960 454
547 877
870 414
48 33
211 623
30 209
694 104
315 541
216 818
832 246
159 388
162 168
436 831
675 124
223 593
522 152
544 944
360 113
786 533
517 899
721 104
281 703
638 759
336 64
938 251
756 614
207 914
358 782
237 87
211 8
856 821
618 914
15 136
455 49
757 721
958 472
245 501
139 944
467 543
285 914
344 466
236 160
398 179
244 683
374 50
782 85
251 293
288 297
153 814
238 541
226 125
208 528
28 299
69 465
804 644
622 647
291 555
302 164
148 928
313 827
575 567
544 201
931 539
731 797
424 215
761 210
67 833
585 924
790 317
573 163
978 693
316 332
600 255
509 349
74 234
147 767
785 492
325 443
219 936
463 70
37 631
295 599
866 753
580 423
282 366
722 578
461 430
940 799
564 979
875 754
803 17
164 842
923 664
564 834
466 805
33 654
968 63
719 818
651 50
428 361
767 518
474 475
403 486
600 341
879 518
745 60
963 117
301 518
631 316
15 296
695 346
594 331
977 81
962 295
800 566
447 189
414 846
77 944
466 36
591 804
636 417
375 143
692 371
68 565
990 918
610 708
935 41
977 883
129 727
47 874
649 17
688 633
872 230
473 93
120 604
972 129
701 477
963 606
123 429
217 160
329 574
346 580
442 775
99 132
268 594
423 936
561 433
579 814
728 114
925 936
675 941
767 307
895 206
830 639
689 633
373 240
981 497
710 209
732 569
963 456
410 157
225 170
447 575
875 944
205 761
315 409
909 935
452 22
568 791
864 446
496 850
979 863
825 581
607 815
546 505
675 199
641 43
659 394
500 371
441 189
24 467
812 84
65 761
906 913
300 384
142 615
699 842
447 64
224 537
301 763
820 925
96 707
394 446
920 858
136 201
924 866
941 828
89 175
511 704
592 50
907 107
740 458
815 504
602 503
513 590
648 243
497 259
855 632
710 577
956 657
504 919
152 785
584 820
737 550
772 227
22 902
776 230
562 651
966 169
454 93
628 952
494 865
944 983
139 567
667 433
197 501
550 315
553 101
149 626
944 934
193 630
13 419
116 362
245 394
49 407
253 624
827 864
168 291
595 508
82 217
201 473
339 186
969 697
561 397
781 164
103 258
384 250
742 95
823 954
915 196
96 163
82 394
356 820
505 881
960 468
719 746
81 194
580 773
64 816
29 802
843 994
988 793
78 273
996 316
891 462
859 108
219 506
534 516
829 908
521 427
869 411
708 799
158 376
986 409
494 176
801 4
1000 794
290 515
241 119
482 379
744 90
906 457
434 502
486 588
455 76
347 591
575 431
84 394
839 490
881 48
644 212
579 953
728 413
708 723
416 819
290 852
601 553
334 833
575 653
501 208
528 980
472 458
754 480
502 314
13 229
666 432
835 782
88 137
555 371
823 421
933 421
373 168
924 966
911 157
163 294
92 320
164 117
573 271
163 499
818 246
488 749
196 294
606 873
529 136
978 496
525 509
999 394
137 929
508 470
570 329
668 486
180 227
441 283
974 239
175 794
750 598
608 123
965 441
489 368
953 289
132 642
738 869
707 725
355 603
137 748
52 473
15 727
200 332
370 4
741 19
673 787
951 491
454 684
163 721
95 682
243 479
368 296
542 111
394 487
309 200
351 333
191 276
32 355
436 205
165 375
958 78
942 851
337 512
393 310
749 187
342 243
573 432
204 240
901 150
740 386
464 653
212 731
315 416
326 295
388 398
361 880
621 18
839 95
53 614
240 51
386 891
226 122
78 971
501 180
799 765
231 495
913 106
17 61
1 848
188 418
425 784
445 333
620 477
491 19
537 951
470 378
425 673
781 4
602 995
303 132
793 718
150 93
942 991
11 697
283 700
204 362
785 338
201 27
934 637
637 576
123 810
16 160
639 691
934 716
672 955
529 998
349 341
277 40
775 857
262 308
907 161
159 180
404 173
522 456
872 525
674 287
470 954
661 3
555 512
112 886
42 597
814 739
232 379
723 785
741 757
256 27
789 943
827 340
778 176
821 382
426 214
501 818
372 686
411 598
263 457
410 911
163 872
358 969
589 67
106 279
761 998
777 841
731 414
610 709
848 82
441 860
246 665
281 779
928 346
530 386
722 710
956 894
519 474
9 770
166 216
633 623
78 948
463 942
617 968
88 948
776 203
224 708
867 208
530 70
52 646
861 952
900 340
561 251
291 855
511 240
4 432
117 73
339 67
767 387
805 162
685 804
757 153
984 315
583 493
732 937
880 892
457 157
586 670
633 20
559 260
675 904
990 384
115 838
477 371
427 578
45 15
62 951
983 969
451 328
785 600
756 197
235 91
650 726
600 617
818 480
628 902
660 387
758 654
599 654
802 876
196 163
898 443
148 78
441 188
115 21
261 489
389 292
372 492
923 788
161 205
968 171
881 638
975 558
661 136
812 484
107 806
169 731
189 520
595 637
800 595
410 995
654 298
578 728
468 560
87 286
768 352
937 623
817 536
29 129
143 393
515 723
937 504
645 55
518 335
541 230
213 85
421 653
42 175
509 398
616 200
544 421
49 889
52 836
364 54
264 332
763 152
733 556
202 184
156 308
154 263
193 299
446 551
50 500
316 338
459 680
408 646
892 864
155 147
235 65
277 428
867 388
339 95
491 825
931 675
843 591
865 187
517 815
447 973
609 980
452 882
895 451
589 788
390 679
852 278
712 673
286 468
702 988
832 842
672 995
554 754
552 345
76 655
415 85
247 106
779 418
375 669
841 893
181 452
902 802
36 473
989 429
854 981
750 554
314 342
696 610
417 71
309 465
402 661
111 101
424 869
929 896
208 204
760 873
321 483
779 766
837 555
534 517
756 669
298 981
266 311
985 693
218 12
181 952
754 151
316 657
773 213
668 301
136 230
686 930
13 544
942 935
464 674
692 74
165 832
27 527
19 288
386 741
938 950
556 521
623 364
621 45
126 661
786 2
679 461
938 857
766 365
418 872
161 992
917 845
627 853
482 188
430 452
822 858
70 991
633 769
286 647
948 560
736 630
93 135
250 58
442 385
500 191
175 481
782 699
399 989
951 256
383 322
258 495
685 468
653 182
358 132
590 627
420 303
900 977
290 173
906 530
118 516
448 560
68 377
663 338
337 264
944 304
708 297
824 798
824 870
537 391
684 306
243 98
411 70
564 872
512 753
667 745
903 97
617 994
671 197
181 329
668 845
617 115
161 245
732 324
125 813
18 425
716 720
608 457
891 346
584 290
200 555
988 540
707 444
677 604
968 592
365 32
845 278
800 889
623 353
937 304
921 987
960 639
99 29
544 382
265 371
138 707
69 701
839 457
865 694
900 83
49 533
758 315
668 215
176 155
620 312
200 999
348 554
188 460
958 312
136 335
778 898
672 385
692 844
606 270
537 773
899 170
458 70
593 897
448 80
835 860
952 608
22 830
917 451
689 595
786 697
602 992
567 534
35 621
387 380
465 524
652 304
157 846
235 166
681 256
130 6
944 766
62 777
16 276
49 478
912 92
362 47
14 940
110 705
516 598
477 366
723 106
500 945
956 508
371 132
723 475
854 819
472 689
404 174
996 512
713 354
399 501
595 480
851 492
634 996
817 268
360 433
58 152
119 497
980 831
198 992
825 890
175 372
661 248
129 927
266 380
74 805
570 174
38 781
428 536
87 373
471 666
184 76
259 538
243 555
599 158
234 874
199 236
772 324
829 661
298 207
797 183
800 901
69 768
47 259
237 458
706 115
149 189
857 197
70 746
990 811
169 203
977 684
706 482
929 577
144 903
308 861
866 252
528 541
486 725
711 4
4 290
629 316
945 469
528 315
822 957
325 123
272 121
790 223
526 553
740 842
101 708
504 242
966 508
272 136
92 265
865 15
496 630
872 829
720 149
175 526
309 568
310 483
913 754
879 326
83 167
340 574
288 977
492 505
996 877
634 550
980 526
874 9
159 171
547 50
767 599
551 618
935 651
413 189
87 74
883 27
701 686
694 961
237 874
38 613
534 184
812 372
320 858
916 426
350 554
354 569
461 499
835 186
88 597
937 622
39 410
388 146
501 567
913 501
700 987
152 629
338 884
356 509
678 902
815 778
866 446
649 156
943 294
618 891
514 770
437 909
187 982
157 582
710 390
344 59
986 630
737 548
311 585
94 107
39 990
815 73
527 837
93 305
735 998
277 570
210 751
908 876
925 906
17 149
388 491
60 45
170 957
444 332
961 990
361 762
733 370
623 962
771 77
25 307
813 314
151 311
11 704
193 741
343 559
988 288
850 321
818 163
474 605
993 207
654 692
969 166
111 785
112 721
884 23
667 571
135 1
937 182
512 760
585 406
200 116
733 822
846 463
405 779
427 847
485 93
642 998
880 38
267 887
159 429
915 963
211 946
72 364
94 745
495 362
336 33
410 964
551 253
472 11
494 182
617 321
599 209
621 377
696 816
381 704
40 692
169 976
706 153
742 763
674 891
307 894
863 349
114 332
665 868
99 480
910 390
734 714
574 19
132 2
55 329
670 518
568 456
472 93
870 445
184 465
41 456
117 381
370 498
981 150
126 741
677 251
145 26
536 661
117 494
10 1000
709 554
156 702
1 763
779 948
781 30
875 207
503 646
469 530
473 599
188 254
390 614
174 57
965 978
144 124
970 952
166 386
573 269
921 340
975 137
424 61
728 842
491 996
594 911
742 287
689 865
620 959
128 959
20 645
558 125
980 471
926 114
432 101
534 506
243 101
280 921
137 560
637 269
354 957
318 704
376 945
750 711
485 269
664 174
771 473
264 540
610 83
512 482
416 439
168 34
915 991
4 582
663 785
759 572
346 69
488 73
642 748
294 315
591 563
557 511
581 262
841 378
935 6
630 698
595 677
372 874
781 668
364 714
330 630
419 923
132 192
78 700
82 835
359 961
694 602
479 440
173 893
526 771
382 895
127 458
454 878
499 883
208 644
448 435
866 217
44 893
110 927
504 906
691 216
731 993
274 674
294 673
387 65
126 400
650 312
848 722
600 83
377 222
451 675
359 26
895 164
255 185
662 783
610 52
439 386
407 864
174 85
50 159
554 543
795 283
889 228
598 644
223 441
468 380
264 173
55 195
610 278
528 246
387 541
546 526
470 734
508 389
110 689
914 790
989 242
237 622
477 414
943 737
582 355
729 813
825 558
78 2
979 821
48 113
437 161
115 59
745 144
11 212
103 554
231 625
271 814
110 258
498 480
438 250
7 800
12 939
447 41
655 596
640 179
107 828
237 901
651 789
582 815
513 980
381 422
642 752
51 454
959 83
322 52
282 334
906 494
15 163
652 988
63 511
133 137
347 536
646 298
5 434
173 976
815 481
707 296
17 364
753 90
493 863
541 177
726 119
433 764
820 504
995 114
192 869
818 745
765 836
715 115
737 543
3 472
656 299
924 477
304 766
206 241
502 546
291 968
292 407
437 842
139 524
196 971
71 501
2 284
365 728
991 676
633 824
467 120
870 910
192 289
903 484
444 399
641 669
272 280
112 551
274 842
349 262
723 9
736 140
954 319
663 679
3 617
316 616
104 614
357 156
719 377
470 597
712 896
148 217
885 406
870 458
880 380
635 732
45 320
232 345
794 321
10 56
565 810
548 568
185 54
228 124
618 676
109 303
533 317
920 814
850 595
501 645
851 311
341 812
324 958
643 782
238 156
998 682
51 507
95 898
617 390
946 628
344 286
273 998
130 617
131 448
616 202
835 616
217 129
697 655
22 554
544 22
529 326
655 258
92 938
176 744
40 789
666 617
114 922
778 859
47 50
178 191
35 538
830 911
13 79
417 846
680 980
936 126
387 294
425 767
279 268
613 380
309 889
382 129
808 56
554 580
13 241
81 746
283 614
430 251
748 274
452 855
288 784
54 679
456 402
609 188
996 788
978 267
279 466
616 932
49 485
244 948
183 118
771 413
245 681
340 595
145 923
699 28
292 990
295 489
41 730
685 33
387 994
716 635
176 127
247 547
883 216
656 696
732 499
969 369
58 238
307 374
208 319
996 424
924 669
103 626
876 946
951 95
419 563
648 711
522 224
664 11
617 10
588 23
298 979
48 315
713 740
117 824
833 511
184 235
123 155
12 992
754 91
27 465
228 374
752 632
414 679
19 181
347 576
886 919
407 298
946 536
347 753
995 61
668 205
961 125
416 822
971 4
4 197
904 135
173 570
100 622
639 475
621 188
204 467
588 779
572 384
274 703
424 80
524 611
706 346
122 405
896 986
421 269
337 91
164 225
594 618
757 78
652 270
760 478
411 408
286 532
537 367
916 403
663 398
481 195
81 726
887 940
69 61
228 486
993 121
15 654
262 444
106 50
111 711
920 396
137 934
602 861
569 939
16 869
1 215
510 291
633 300
797 587
907 600
357 212
234 289
290 15
609 299
793 220
376 946
305 458
569 645
762 378
110 359
572 520
573 177
315 529
483 403
746 279
20 557
792 19
134 198
363 854
345 455
293 623
648 626
873 825
397 513
234 741
988 542
534 918
707 446
285 844
214 82
367 560
226 676
446 417
393 315
801 150
948 35
622 62
659 48
900 206
811 285
544 368
673 348
32 68
994 933
182 970
191 580
352 592
324 192
286 967
485 968
161 738
2 390
479 894
683 517
106 594
225 362
239 850
899 61
994 229
231 98
446 844
847 256
116 318
481 143
597 809
218 478
747 116
796 625
12 32
309 546
104 618
597 523
189 239
296 578
675 94
954 139
572 718
773 977
8 881
353 512
318 530
615 232
671 42
267 208
840 238
915 540
103 549
984 781
219 104
298 649
225 703
579 280
651 903
103 698
712 979
955 525
370 39
8 574
431 548
77 292
38 974
660 339
983 328
221 801
445 825
630 566
15 101
354 373
192 600
156 35
913 408
711 933
460 361
374 227
412 452
964 809
342 909
734 643
401 93
221 628
852 970
725 68
528 896
469 262
255 309
666 530
649 832
653 824
446 526
450 597
666 645
743 433
84 18
529 123
718 978
858 433
14 620
509 396
936 18
576 41
560 750
153 776
636 542
267 304
340 346
608 762
185 671
165 593
847 405
760 293
98 660
318 861
796 597
28 719
895 441
805 7
447 648
763 795
253 233
258 759
25 224
813 7
462 79
210 220
546 386
927 3
766 737
769 225
789 238
244 259
723 908
689 394
715 428
855 381
875 611
569 588
451 736
113 632
846 96
744 422
651 82
870 346
640 225
659 575
309 506
94 864
664 231
685 879
119 471
321 618
158 241
825 916
630 961
99 667
637 135
750 478
181 929
673 826
33 234
973 278
942 799
356 360
948 116
397 730
319 757
910 424
786 138
694 515
757 661
259 278
101 651
466 115
416 811
39 885
304 780
265 538
690 814
868 899
933 171
58 887
903 775
743 580
250 171
490 762
217 418
571 703
473 968
476 441
496 295
230 744
670 853
88 177
473 633
75 925
592 992
425 766
282 492
448 777
302 84
35 379
183 851
519 981
386 243
611 934
813 312
724 117
463 451
638 471
278 819
827 868
844 830
338 107
345 957
680 130
55 10
163 253
862 569
719 976
956 422
267 139
515 481
55 296
59 813
547 976
401 814
183 388
86 689
569 729
509 822
664 195
424 872
333 488
280 204
190 371
228 130
506 556
111 215
848 511
612 360
594 271
951 224
119 296
102 574
450 55
158 380
824 376
842 961
772 760
459 303
613 898
461 405
526 523
268 783
881 458
238 185
82 861
568 236
843 786
610 635
772 286
791 530
891 14
602 471
553 649
790 750
901 207
890 330
933 254
860 946
113 275
791 752
260 872
209 768
161 997
476 494
991 473
60 237
874 745
545 607
805 5
737 695
184 561
496 323
973 975
978 571
559 106
136 692
357 654
361 587
396 126
990 146
101 649
541 700
654 453
179 999
993 801
761 27
101 538
969 102
388 445
222 602
51 182
210 898
407 572
525 505
943 606
984 613
548 46
166 128
475 362
978 127
85 999
637 666
267 38
140 808
116 157
951 80
534 49
741 684
73 740
989 398
572 666
702 729
405 316
237 676
892 416
93 618
258 961
725 777
559 893
746 276
414 196
788 81
833 696
265 180
937 650
55 579
42 302
480 959
318 435
307 958
284 406
51 389
893 406
840 977
569 64
203 206
76 80
165 19
924 166
502 862
32 470
824 672
473 68
908 544
223 16
178 915
744 856
262 77
587 386
843 28
865 548
848 138
614 857
26 414
208 533
796 142
725 16
191 724
204 545
923 53
84 255
452 635
663 207
991 322
257 789
978 543
471 473
546 955
506 950
405 284
523 85
960 173
266 626
305 984
947 345
235 155
135 267
520 901
705 415
230 402
358 167
491 962
384 408
827 172
287 458
139 174
802 610
490 246
791 446
335 994
323 810
932 368
292 535
972 739
522 500
279 155
318 531
396 565
665 452
295 257
99 896
244 351
444 809
873 105
711 782
489 737
555 290
973 15
812 403
261 147
635 528
1000 243
67 220
39 98
42 258
639 969
655 884
113 927
938 216
372 840
891 232
599 155
856 212
90 441
717 876
960 120
596 643
887 156
924 138
906 397
659 79
666 881
26 720
562 958
78 482
970 427
772 101
152 826
62 285
874 783
549 789
456 956
364 93
374 386
247 944
626 137
718 807
187 685
424 41
5 628
834 460
874 545
710 187
804 308
291 859
97 152
874 472
266 647
305 875
107 35
749 624
454 276
644 748
738 131
477 173
887 998
49 366
196 747
692 752
179 991
459 201
129 310
247 435
686 18
926 541
763 685
162 694
400 879
296 656
832 866
211 351
129 464
900 827
273 682
893 824
340 936
380 749
533 135
20 814
992 471
478 986
300 494
181 285
823 962
112 918
833 971
100 323
589 257
384 392
168 791
482 352
69 11
928 557
559 294
314 825
150 778
523 236
91 814
493 142
864 622
901 423
380 557
574 174
803 989
561 678
661 487
369 17
955 758
262 626
946 739
786 888
436 129
19 155
352 844
575 438
797 152
268 586
655 110
454 805
94 332
231 320
484 516
40 904
905 987
827 699
94 110
867 170
649 867
890 9
653 859
398 910
902 631
918 321
316 19
464 774
502 322
729 318
344 860
821 726
108 377
296 991
723 856
784 948
567 603
714 61
382 135
809 263
794 245
965 696
303 629
921 864
112 502
46 644
870 827
780 23
728 736
970 543
348 49
171 520
561 384
889 787
873 374
871 167
548 154
895 301
664 951
386 389
779 422
323 994
822 472
382 316
647 961
595 846
138 437
232 296
985 878
582 568
31 322
718 8
242 833
822 379
635 762
634 795
30 14
90 829
937 796
221 679
66 290
216 715
198 815
768 34
935 398
621 741
413 416
397 524
289 242
860 591
32 215
298 96
190 82
191 255
103 931
588 321
756 959
714 699
878 398
437 716
521 25
467 521
506 481
344 508
697 312
77 550
182 818
551 258
865 543
39 622
126 744
566 837
645 346
633 660
464 851
737 270
503 547
95 420
79 803
799 570
451 712
269 967
163 348
681 415
274 607
719 371
520 795
794 166
706 634
191 796
487 399
842 106
239 542
991 527
978 346
889 205
710 941
452 949
537 361
331 880
225 213
98 605
102 756
33 922
361 501
569 824
734 398
698 924
2 919
874 61
395 108
569 937
310 89
862 538
958 725
797 585
766 118
626 541
730 878
382 383
993 970
812 138
390 48
584 249
270 618
206 824
320 999
318 342
764 994
671 342
450 374
416 458
399 179
78 374
997 100
669 793
930 191
968 886
626 846
937 649
111 234
575 155
9 190
651 891
468 517
226 6
125 922
57 170
426 17
104 139
639 933
432 642
799 504
746 500
15 150
716 1
661 640
520 364
834 84
653 560
623 466
806 22
274 511
791 678
170 316
196 828
988 601
932 400
598 263
377 385
106 705
785 381
192 197
302 800
223 316
508 169
689 710
641 891
260 611
336 666
690 232
50 11
676 299
278 27
308 113
28 592
871 440
358 213
505 263
287 219
969 432
406 191
790 163
197 234
55 220
614 373
337 479
234 97
54 796
883 372
125 141
978 96
944 464
397 618
185 972
647 158
334 175
532 155
300 11
517 702
19 72
737 376
258 563
79 409
211 529
216 869
323 75
159 465
94 906
552 500
923 956
619 18
243 742
916 35
593 234
901 305
208 136
122 706
765 428
171 974
627 292
778 366
856 578
32 388
640 323
40 655
24 658
354 371
930 532
186 772
723 982
49 848
919 767
937 161
459 933
999 220
835 542
839 62
626 438
970 315
148 979
113 474
848 915
852 827
285 658
442 897
752 255
536 720
166 447
978 625
246 201
639 354
400 51
18 766
476 326
371 601
66 658
141 196
733 362
951 727
516 272
265 380
390 557
567 999
110 886
760 295
318 835
102 234
222 483
932 439
58 260
79 174
762 492
819 543
183 156
686 237
230 153
729 782
733 814
182 92
739 250
998 146
102 935
935 647
232 348
986 365
523 158
906 106
889 690
806 515
354 578
315 968
122 742
14 464
181 943
877 152
366 485
908 530
963 885
937 949
147 96
152 714
32 416
622 5
492 346
884 254
104 338
285 931
659 106
679 343
74 281
535 628
203 503
97 616
153 686
777 292
235 806
408 796
317 212
818 795
383 879
288 454
662 744
313 885
121 689
800 353
35 492
291 886
718 691
993 368
408 570
286 575
503 815
197 384
235 213
352 471
480 156
890 986
415 110
897 763
435 676
534 240
771 222
499 281
228 201
840 507
732 825
110 765
292 842
167 590
794 404
872 940
689 202
492 745
675 395
768 743
328 62
419 329
275 373
543 128
926 280
489 13
920 337
479 750
964 122
713 318
627 160
132 660
299 141
580 42
985 926
342 301
453 652
924 527
212 777
30 414
488 81
59 634
635 987
263 524
980 994
910 761
747 809
180 478
272 993
995 499
381 395
968 569
218 184
20 502
773 208
846 574
481 986
411 819
88 676
514 960
731 330
769 937
868 161
407 295
890 473
273 967
260 219
687 860
602 324
765 920
535 664
776 57
322 575
18 804
900 410
539 202
293 559
798 258
641 798
344 138
495 685
403 787
988 402
444 253
201 96
273 259
383 328
856 148
895 29
369 935
684 635
40 417
251 488
379 938
146 358
782 559
163 445
382 51
76 970
408 308
317 700
230 71
31 114
288 942
478 365
673 745
638 211
914 833
779 453
376 838
875 668
287 826
552 713
985 841
858 505
396 994
237 524
133 71
171 418
579 289
706 205
86 723
772 952
574 612
379 308
52 342
659 486
668 313
826 381
5 184
446 74
865 284
587 632
643 826
346 934
185 476
349 584
726 141
583 524
730 64
787 507
401 340
242 294
303 293
952 41
660 730
313 451
247 747
846 645
575 457
501 412
502 975
577 253
290 882
682 400
973 655
80 578
339 847
981 132
398 980
458 67
740 637
834 486
175 162
210 16
999 234
435 337
936 426
828 136
244 967
27 875
47 356
710 236
141 223
932 190
732 963
842 143
664 722
130 178
849 554
134 696
283 976
361 464
442 115
872 996
525 364
893 786
234 241
827 396
96 242
261 622
160 671
893 899
768 862
573 721
390 29
600 689
26 581
36 478
556 100
941 670
780 540
821 376
185 30
539 955
974 60
704 782
284 726
215 846
552 850
57 84
773 374
428 533
870 619
656 816
569 497
532 227
238 132
755 282
60 764
299 256
229 975
912 821
33 188
324 981
91 994
848 231
170 511
522 872
536 606
370 698
804 625
42 181
518 530
563 493
191 532
985 3
576 608
574 47
705 908
173 750
395 700
982 336
730 489
507 944
973 691
695 217
49 561
985 221
658 141
723 977
170 563
672 273
502 356
676 505
605 397
416 607
532 773
239 883
679 758
334 605
649 551
118 820
525 204
304 464
196 582
838 29
415 484
148 673
735 687
280 537
279 341
304 431
231 124
833 11
344 608
687 313
709 401
932 615
605 192
54 846
588 985
848 362
287 988
14 828
418 925
41 738
263 424
745 342
484 398
943 641
998 147
551 609
418 127
547 902
517 546
920 20
997 42
524 430
216 753
169 733
940 318
100 419
364 350
57 112
366 490
114 67
318 73
835 161
748 646
416 209
345 173
328 397
62 114
30 748
859 340
75 453
916 661
666 851
812 949
579 962
798 608
26 220
795 234
815 231
250 71
911 344
730 461
658 94
630 162
230 540
602 643
455 677
331 411
745 869
322 762
771 35
109 499
434 883
219 715
454 374
277 295
727 787
838 136
951 427
97 388
300 799
324 149
680 133
295 532
559 663
581 75
862 572
296 541
465 506
193 907
841 871
760 913
337 192
889 627
871 903
569 621
343 110
275 355
167 828
86 692
987 59
399 345
262 931
820 969
204 152
405 601
837 121
328 586
937 572
140 941
885 938
851 886
247 385
449 458
341 204
927 693
363 652
255 906
281 929
511 540
494 298
333 600
337 541
212 607
105 521
751 895
694 627
218 296
790 882
312 941
227 58
209 603
30 603
296 353
425 3
27 243
657 856
515 582
517 508
613 579
463 876
688 870
107 605
730 417
517 269
815 104
162 824
744 513
198 26
222 172
919 30
481 502
597 928
980 24
601 293
396 121
455 542
737 425
467 52
328 494
92 351
753 563
257 822
479 386
629 96
704 89
586 149
504 726
352 99
11 880
528 38
453 299
958 398
991 815
171 630
341 493
979 943
124 590
231 874
763 949
642 852
3 754
462 404
765 164
551 553
38 708
688 9
836 225
428 268
746 275
399 189
534 584
993 682
361 643
601 649
428 419
437 411
384 793
186 669
320 647
321 370
855 245
930 300
273 759
570 775
440 32
542 481
628 67
694 684
535 872
350 886
385 786
995 383
812 607
391 802
781 744
564 200
175 17
826 719
43 585
818 623
545 173
506 3
933 782
122 211
123 374
450 730
171 345
146 195
788 532
631 982
423 685
682 327
52 681
878 629
587 20
611 154
848 568
908 930
211 343
783 546
183 758
274 558
444 130
729 372
735 842
594 586
810 543
335 88
173 333
193 567
267 264
585 789
468 124
978 316
762 359
836 930
234 901
231 936
988 950
343 722
514 186
664 723
862 730
426 778
723 112
318 820
814 921
28 790
340 544
90 703
714 341
955 69
998 101
763 992
124 594
490 305
8 885
816 156
984 866
107 533
402 565
555 633
59 854
787 692
324 664
272 765
493 389
6 66
742 888
907 277
531 609
113 690
439 656
468 227
669 307
983 471
911 362
553 778
664 429
4 694
359 770
821 25
436 57
113 924
118 431
526 966
88 750
627 727
555 82
539 585
61 773
544 289
835 482
549 560
588 26
203 124
847 831
446 720
517 419
786 68
678 126
844 338
495 393
41 11
95 216
979 461
231 264
454 105
847 706
973 771
667 120
619 165
544 237
193 497
786 358
553 113
257 604
615 759
192 183
664 489
897 620
308 853
537 517
974 626
25 345
373 361
710 88
287 185
89 930
894 148
288 888
127 783
404 874
225 275
63 535
836 789
895 266
550 979
168 621
838 255
824 804
660 394
419 316
24 428
124 741
906 22
513 248
592 607
548 470
863 931
521 550
11 518
595 917
834 679
104 920
547 790
128 440
475 787
929 913
959 493
926 254
751 911
223 294
225 953
506 758
731 499
909 864
904 359
977 855
778 256
29 154
14 246
877 950
949 473
795 975
463 629
800 935
160 70
786 134
990 894
858 289
956 570
486 254
249 426
375 318
530 131
35 803
933 198
282 339
960 300
216 76
770 549
224 443
761 432
338 547
320 58
380 626
666 874
329 316
311 500
866 13
577 454
995 883
762 74
1000 987
641 929
220 491
406 27
210 888
525 239
47 287
571 401
933 282
883 611
300 905
373 333
833 25
620 194
292 229
792 787
650 915
814 102
380 558
564 896
742 452
335 822
329 564
619 311
681 636
315 298
819 921
300 62
513 171
951 249
979 752
34 225
769 114
572 609
404 467
902 15
449 574
301 565
472 713
819 28
111 98
908 626
774 124
647 390
946 445
502 549
513 998
642 514
238 99
241 269
593 48
646 58
3 964
116 635
428 591
565 954
551 251
77 880
795 653
246 681
873 977
924 862
906 497
925 435
937 477
133 192
564 100
342 862
861 678
454 772
928 103
331 344
813 852
260 852
746 228
451 943
18 802
883 944
919 168
355 447
396 235
587 248
791 978
460 738
981 176
378 887
737 804
7 44
412 717
760 387
249 898
35 283
474 793
296 105
41 910
874 262
505 729
515 146
244 50
499 481
407 568
254 79
715 971
239 505
22 337
266 783
34 291
343 303
309 747
77 383
99 795
831 554
561 50
84 633
547 99
175 802
680 384
758 713
428 382
44 689
822 42
883 40
367 123
850 867
962 425
641 942
142 551
302 330
436 768
988 757
349 786
36 944
530 756
279 556
431 517
845 45
189 585
817 596
341 894
53 170
449 141
685 597
837 810
825 178
27 432
742 665
639 823
86 157
973 427
308 221
182 975
146 177
772 397
353 403
961 92
69 567
56 318
956 849
897 629
338 600
805 666
14 379
368 207
705 192
559 165
411 349
984 9
72 707
259 129
631 759
563 971
675 521
876 254
194 845
254 318
308 882
348 807
387 357
120 830
999 192
822 603
783 707
370 658
793 839
407 751
945 140
857 584
608 834
370 525
371 284
372 67
824 922
119 167
201 381
850 146
170 861
923 738
211 308
339 491
380 709
92 241
650 653
293 699
458 513
396 561
453 544
989 494
833 894
678 744
565 687
859 910
641 119
673 838
751 5
313 87
497 210
336 80
122 705
413 500
223 461
915 374
445 963
392 209
928 483
95 775
702 309
939 165
544 691
906 294
912 823
990 752
592 79
403 288
431 456
484 669
730 213
345 113
808 631
22 657
739 129
844 508
256 893
830 187
523 785
528 901
714 753
940 2
359 705
1 795
40 831
724 265
553 693
787 981
790 500
238 689
188 94
210 514
887 732
374 305
89 47
505 454
253 672
272 404
679 752
289 445
921 39
466 299
529 15
947 264
715 292
992 943
184 860
206 409
584 620
260 721
652 211
546 842
286 593
123 849
474 977
576 93
880 963
572 905
335 861
840 337
894 228
861 485
220 19
827 61
760 8
580 275
785 737
382 299
892 924
977 377
337 218
338 723
395 262
409 614
394 242
142 620
234 501
328 882
536 439
539 1000
318 365
104 921
489 467
270 464
445 630
104 40
431 711
384 706
829 976
997 266
268 864
234 806
290 756
221 768
518 436
118 392
532 544
70 559
967 823
973 482
497 425
899 895
216 85
753 120
496 416
420 921
977 624
725 498
484 512
89 80
911 781
329 449
57 562
188 284
429 614
66 928
765 866
602 972
296 165
889 362
49 595
179 240
843 169
865 465
314 585
187 717
874 513
212 104
197 508
588 707
166 553
429 153
14 589
101 737
983 647
654 413
657 335
988 319
664 669
700 235
138 35
941 143
154 195
16 224
383 692
42 864
885 338
390 302
459 462
586 849
744 597
258 724
542 956
753 710
436 527
655 929
625 910
385 223
833 949
23 709
392 685
64 922
713 291
487 952
552 639
670 56
404 476
9 420
872 732
845 253
285 431
57 432
348 667
798 119
566 243
881 739
211 238
115 279
924 953
765 337
950 717
219 373
354 468
809 632
590 407
333 378
180 255
8 424
999 650
531 84
914 52
556 513
589 920
578 73
317 19
787 138
161 527
479 355
796 167
283 28
969 557
671 747
634 195
72 680
783 456
616 19
207 282
139 586
856 232
127 19
611 862
666 396
466 499
253 985
272 184
222 972
425 622
395 130
605 149
112 534
444 589
945 240
927 416
654 744
380 563
557 518
737 118
64 728
780 134
738 536
137 569
798 294
429 321
638 33
970 774
72 66
319 225
855 288
32 329
375 927
159 601
287 581
493 304
792 25
461 338
191 57
233 755
217 662
368 550
151 671
777 852
262 796
730 988
786 922
302 959
920 876
982 254
584 697
17 744
218 155
941 888
683 191
355 30
655 61
825 290
392 850
27 288
619 714
428 993
325 587
472 145
456 822
143 382
888 505
260 186
31 761
711 139
251 137
406 375
388 262
507 518
326 62
2 384
724 357
389 764
411 348
658 823
821 665
515 834
734 90
681 110
314 640
633 805
853 296
1000 788
291 819
897 695
957 715
960 209
27 280
688 766
257 129
463 311
945 28
720 796
457 970
96 6
76 719
239 141
101 364
152 188
276 104
426 445
766 70
392 613
484 203
927 843
168 800
542 150
746 373
785 951
290 330
797 508
808 971
453 978
347 371
954 713
137 17
51 631
340 176
419 486
906 295
436 170
4 982
96 799
228 308
325 670
295 712
458 945
402 153
947 47
43 649
105 944
653 592
890 217
44 969
613 520
706 506
890 143
378 91
752 356
201 738
348 631
682 698
312 581
213 942
406 275
134 770
728 205
430 405
74 451
113 431
494 796
905 545
614 600
546 984
545 651
620 73
912 146
658 938
918 527
727 222
214 933
14 993
19 909
396 353
680 172
609 26
188 899
762 488
693 682
486 152
90 657
770 421
646 528
3 558
234 570
495 11
522 405
747 402
324 481
146 897
94 987
510 460
556 180
519 448
432 927
540 168
930 1
966 963
849 215
777 946
834 677
941 767
600 831
507 311
471 336
39 172
573 980
78 434
869 109
547 745
604 974
458 736
755 330
527 280
985 721
952 390
591 865
338 989
877 697
161 256
260 92
346 937
427 453
13 900
346 703
990 892
113 152
331 33
958 414
209 653
566 707
951 883
753 968
726 269
792 700
868 495
890 163
151 686
639 556
40 796
807 636
710 143
339 776
808 257
499 590
798 979
247 512
984 450
188 177
571 546
588 764
169 346
410 84
726 598
305 906
622 247
680 106
289 161
957 642
562 114
799 355
621 655
499 285
504 389
841 10
418 845
752 118
954 363
202 756
295 529
547 248
910 375
689 95
564 925
185 776
179 504
334 235
488 183
340 824
91 498
833 391
936 735
430 824
777 605
872 733
524 510
637 67
935 224
493 331
309 548
313 29
385 504
205 215
501 832
377 850
261 214
693 243
551 245
8 331
673 111
303 412
86 4
12 927
930 374
255 951
777 37
460 201
333 597
586 632
63 316
622 37
659 29
471 971
448 304
251 165
269 318
936 294
130 580
256 695
989 237
80 459
118 314
652 705
635 27
90 696
138 679
415 613
218 585
237 283
260 854
192 932
946 373
503 632
182 771
754 249
4 339
614 774
135 763
155 217
374 463
585 540
144 854
473 558
558 969
390 975
945 388
376 531
196 522
822 962
435 486
280 549
80 791
176 726
781 103
984 333
947 323
398 649
516 468
21 871
376 509
907 823
13 334
644 560
275 560
12 138
140 855
16 205
534 3
884 972
277 26
392 876
447 718
552 284
241 739
383 568
42 980
355 140
318 633
712 932
219 148
81 139
154 617
181 336
592 537
707 248
798 193
711 800
358 584
677 912
234 458
539 979
787 800
940 370
565 875
214 139
604 775
225 527
915 852
722 438
336 5
450 21
170 116
32 381
929 993
752 524
260 389
55 360
835 267
284 3
35 927
976 339
26 710
743 855
321 2
817 901
291 758
554 48
522 594
743 676
725 425
446 650
674 633
537 867
238 552
97 916
633 714
703 486
788 481
985 943
476 456
79 669
504 769
822 831
414 153
566 981
382 998
844 527
334 581
758 457
733 257
157 837
175 396
606 928
62 822
197 213
344 567
547 517
150 181
64 694
690 342
824 924
785 618
624 478
880 552
737 145
955 70
478 849
870 87
764 718
466 137
339 493
766 4
841 851
290 187
636 973
468 180
867 899
584 139
513 145
510 465
885 555
100 341
575 914
557 313
381 50
483 436
450 343
416 491
788 115
845 126
721 48
388 897
264 655
581 580
446 834
15 418
988 586
61 544
583 135
622 131
876 662
146 350
420 641
423 782
69 870
677 615
750 39
915 78
770 437
955 849
995 156
120 774
47 851
492 130
170 394
613 678
373 641
86 302
969 906
472 110
715 154
153 725
946 426
285 764
549 799
252 625
972 410
673 129
123 644
710 14
829 80
723 981
154 344
173 396
677 713
270 305
904 744
303 750
732 524
70 175
474 148
705 460
836 626
488 640
70 318
75 724
349 493
997 647
945 174
250 594
215 452
434 685
885 380
888 464
651 284
391 25
486 153
591 14
477 506
996 606
353 692
580 285
729 785
841 847
718 135
928 837
158 990
819 768
750 532
322 608
219 220
385 354
258 528
498 429
464 229
48 484
600 657
560 541
419 474
950 453
627 120
349 962
760 855
216 757
716 642
642 573
646 93
314 410
929 79
693 158
911 331
950 743
788 134
592 783
595 756
457 872
411 701
210 119
731 500
381 563
259 609
796 264
929 937
610 622
57 854
610 613
578 496
541 252
737 107
838 550
144 574
161 311
735 186
513 693
817 854
765 911
933 195
421 63
44 942
372 186
801 433
177 344
127 283
130 643
60 192
353 330
995 999
799 703
31 577
359 372
841 461
714 837
331 415
231 833
840 691
288 586
553 82
852 303
511 367
706 899
528 431
430 771
834 179
676 255
804 52
680 250
10 561
624 407
326 688
456 489
348 15
738 387
234 162
640 106
418 957
510 271
242 665
495 219
471 136
500 865
12 453
212 148
774 337
851 318
814 694
712 24
471 17
276 33
89 192
46 911
747 526
555 467
423 99
228 137
470 943
821 444
90 182
678 543
826 354
241 258
169 573
756 743
594 262
926 217
271 12
977 807
47 565
416 241
528 990
423 982
382 550
687 295
137 185
964 586
108 724
865 823
277 929
460 345
434 380
132 11
471 20
818 726
838 669
751 608
575 694
706 291
231 578
504 631
838 300
96 386
61 157
579 704
819 113
397 187
93 455
847 647
192 67
306 90
619 812
430 61
857 855
641 898
35 399
552 227
71 437
918 470
743 327
856 153
72 904
913 822
474 996
753 567
867 571
687 268
858 910
309 982
93 959
81 607
387 552
281 45
173 7
908 510
747 709
614 716
110 674
220 38
37 552
573 486
261 740
577 995
764 683
945 71
259 813
181 445
634 876
148 298
495 221
78 47
543 99
780 791
713 332
663 586
868 552
996 485
871 935
451 40
824 488
510 517
132 629
396 769
333 52
998 302
346 129
186 310
602 517
336 119
686 635
564 519
67 233
717 31
48 305
322 41
125 916
769 750
773 174
223 379
80 251
940 401
427 366
138 919
27 845
859 355
290 570
610 679
275 210
277 455
519 200
66 85
104 256
470 307
799 960
708 683
455 442
38 102
4 18
726 979
984 238
322 493
506 126
127 322
438 747
666 518
424 421
961 194
445 465
670 762
292 356
683 637
618 750
763 459
875 277
566 938
326 79
644 864
59 448
313 944
478 282
176 612
343 904
538 286
850 476
638 391
931 869
917 698
758 876
559 326
999 82
582 190
342 91
997 637
768 676
458 310
382 306
693 987
509 917
681 970
629 900
906 993
436 880
254 987
203 679
438 258
498 25
137 309
673 859
394 172
626 797
474 94
807 304
276 840
833 669
324 191
507 137
20 341
460 44
320 743
552 474
393 125
566 296
834 795
534 94
481 916
358 806
4 976
725 362
467 598
229 603
824 21
155 501
563 496
925 745
147 665
957 184
80 404
498 703
892 467
514 679
493 632
748 242
562 19
408 693
306 44
131 939
634 104
227 562
836 748
709 378
984 407
141 254
843 492
791 132
751 396
154 123
528 324
412 823
469 834
92 259
3 370
187 497
728 779
732 851
771 889
115 851
505 519
89 832
534 456
132 920
318 935
893 817
456 172
115 113
957 800
124 737
186 396
704 577
541 303
926 448
506 929
52 657
733 970
793 269
907 309
592 881
578 700
156 458
764 151
546 94
17 403
63 437
103 948
604 639
130 860
298 6
912 790
711 414
860 640
682 160
169 883
939 275
812 547
237 573
617 397
545 248
70 701
530 992
737 551
852 903
749 9
695 999
790 693
308 677
133 394
62 288
691 432
857 88
910 210
624 893
696 346
6 144
700 674
957 77
761 436
419 599
743 636
800 264
92 594
79 852
902 416
18 732
596 209
697 850
888 271
598 658
323 572
822 518
715 594
257 862
280 745
633 61
511 5
282 315
742 836
840 481
380 554
89 819
129 388
363 88
921 96
667 77
35 46
219 797
58 405
920 296
885 448
462 435
104 587
763 940
122 435
127 525
789 10
457 529
774 342
176 199
157 141
437 224
55 337
917 182
812 44
959 303
898 756
251 650
911 392
34 108
396 843
312 374
480 572
389 414
449 675
69 262
510 685
935 20
545 442
821 93
130 800
958 94
7 662
179 929
131 406
497 330
226 776
251 167
867 17
382 750
308 725
644 111
312 656
153 652
647 868
653 94
696 374
437 792
166 366
190 608
448 79
196 997
511 44
829 151
922 875
608 567
870 621
395 985
16 402
963 143
36 989
700 420
24 957
723 893
620 147
719 233
810 715
790 910
357 616
239 980
706 791
295 567
611 654
376 221
512 559
992 39
759 867
225 456
836 248
34 174
767 896
516 241
298 523
244 323
543 499
906 93
284 601
442 701
827 348
237 919
254 527
591 404
498 69
372 606
856 847
489 670
592 825
214 248
660 898
733 724
882 46
226 714
78 539
851 793
622 84
971 364
367 571
542 373
768 466
200 820
60 564
868 323
407 321
812 792
545 785
801 399
655 476
662 584
476 603
888 907
904 912
83 747
9 716
502 227
32 827
515 822
610 232
938 691
667 403
445 321
47 509
523 630
397 222
162 307
218 845
653 571
408 379
258 164
169 263
939 807
382 887
417 607
597 816
90 587
441 567
434 820
720 10
672 193
760 274
888 327
106 140
126 203
309 553
537 334
420 374
774 621
121 457
779 416
145 969
55 74
7 487
613 413
340 924
215 256
876 702
860 91
608 932
475 255
257 416
251 596
340 771
293 839
699 204
976 983
816 96
64 965
86 646
659 554
368 871
370 205
151 269
975 600
7 115
216 795
930 107
534 617
833 668
392 326
824 329
920 988
906 339
856 986
947 517
341 798
365 104
145 573
27 400
449 38
949 961
289 413
553 696
41 7
799 759
744 813
236 249
806 53
886 839
616 359
445 387
985 182
736 892
990 929
187 564
848 906
631 945
279 28
982 709
732 744
821 585
292 409
79 883
320 66
896 923
236 302
398 549
540 278
615 754
887 585
908 210
879 841
790 234
168 165
956 198
957 379
631 580
917 733
685 273
672 612
180 879
73 505
291 14
20 720
348 37
936 473
25 126
245 731
482 703
157 585
504 475
694 400
148 380
422 887
370 444
708 340
448 738
271 630
257 396
721 743
295 332
165 852
376 900
432 182
950 40
144 609
717 371
315 739
100 331
85 761
198 936
306 802
608 174
419 513
574 599
557 283
865 291
301 605
954 889
556 981
684 162
182 580
341 833
693 156
786 590
218 773
457 75
333 733
511 152
29 228
569 23
554 325
4 806
744 107
573 995
946 667
484 814
905 134
26 860
798 731
235 753
53 384
41 328
552 179
429 721
678 12
221 687
477 709
151 132
818 643
511 954
852 870
853 395
491 868
359 374
623 753
93 262
579 36
71 467
532 807
383 461
865 326
425 741
411 438
996 615
400 933
364 494
610 498
596 65
117 162
889 57
836 592
304 321
235 347
903 450
733 413
470 685
287 41
185 563
862 663
521 905
280 458
337 280
120 88
598 893
585 50
400 722
989 304
257 127
538 920
701 636
776 781
746 7
560 637
770 311
404 105
8 818
462 291
138 445
232 272
413 229
486 485
125 59
767 636
437 239
55 336
992 378
668 893
385 830
507 359
683 280
224 579
471 369
916 482
549 315
684 134
902 213
881 368
867 693
94 615
812 738
685 620
835 131
963 854
656 894
606 632
946 703
939 301
308 432
298 138
66 254
873 758
920 442
127 475
317 743
700 609
369 791
353 394
961 75
672 986
531 201
458 199
997 692
762 905
502 132
804 662
587 110
1 839
607 99
611 100
978 929
411 372
841 495
714 871
74 6
918 357
847 641
539 112
652 433
325 151
420 125
684 994
611 834
960 90
585 867
657 414
382 504
515 8
917 676
499 333
939 984
262 279
357 919
799 320
589 812
491 977
283 190
410 554
788 550
233 133
528 617
153 489
979 949
543 220
452 83
200 12
805 721
438 26
132 849
471 135
266 155
395 501
42 511
349 614
482 121
229 16
340 863
306 795
555 416
8 957
775 159
9 452
98 873
190 276
211 859
335 628
327 677
937 753
703 990
669 218
797 389
691 958
949 122
458 551
898 776
958 232
692 284
893 429
311 966
772 340
740 32
446 626
621 483
986 864
311 887
866 394
96 998
407 320
137 693
161 702
878 285
420 989
826 696
331 234
667 372
740 262
869 614
112 27
20 699
989 466
451 910
912 396
820 269
936 258
420 179
870 703
961 881
669 544
641 883
532 872
989 525
525 161
359 15
273 480
662 794
75 604
188 149
279 334
616 712
122 393
267 270
310 352
2 81
807 335
520 910
288 850
36 208
617 543
154 775
637 708
837 2
895 284
842 360
955 91
611 685
851 154
319 464
67 651
563 526
324 122
417 328
606 592
366 917
42 951
872 634
45 192
928 828
232 473
91 398
367 53
638 849
461 16
815 287
140 303
584 29
350 692
417 170
971 719
879 462
368 920
609 702
224 668
198 988
346 99
220 584
39 132
519 254
869 88
906 193
891 389
177 955
733 646
419 834
166 570
405 667
795 390
907 745
765 277
983 322
507 13
585 907
475 555
117 966
298 32
318 39
502 768
198 824
416 59
330 657
38 166
369 253
721 352
423 920
562 804
216 344
354 609
697 271
904 175
946 470
484 617
929 748
291 663
843 930
751 565
955 611
948 303
478 422
735 97
153 587
465 809
49 554
19 804
87 802
919 293
179 992
776 327
10 855
653 959
322 657
330 164
294 587
238 215
356 912
16 475
89 571
734 197
130 79
762 274
121 138
381 543
107 427
897 663
899 692
225 984
480 103
905 912
600 344
323 723
750 846
491 921
789 274
918 254
957 604
429 483
969 182
112 673
978 60
414 472
561 633
552 761
974 48
499 208
690 603
158 989
909 699
513 242
343 67
953 507
426 413
690 554
323 47
559 828
907 311
357 500
217 673
766 329
314 409
55 883
640 25
952 283
259 674
919 873
975 861
851 867
375 97
602 167
33 224
593 488
585 83
27 398
597 480
470 270
844 63
900 249
612 35
355 90
808 112
695 880
900 136
167 443
999 754
846 266
913 575
723 660
616 324
970 327
623 643
40 768
160 66
277 970
944 889
562 268
266 721
526 403
36 955
787 613
919 96
443 939
260 547
466 264
230 369
735 9
701 808
988 47
158 637
880 917
295 700
297 691
137 806
887 882
504 393
858 856
861 733
295 525
356 590
874 206
201 462
400 610
992 396
868 567
741 271
300 459
104 732
655 755
194 346
474 498
81 60
816 41
817 320
859 973
474 101
424 850
152 481
116 978
355 698
622 348
255 861
716 673
54 280
556 954
355 779
86 937
677 730
935 22
672 92
975 817
464 369
946 343
471 598
990 546
664 282
539 646
603 283
27 102
749 201
808 677
253 191
683 231
689 89
514 843
330 824
867 19
246 508
392 612
892 422
142 171
435 95
627 947
60 368
408 977
970 378
922 668
929 323
917 848
311 417
409 425
246 158
247 627
196 999
911 514
532 853
306 770
481 15
762 104
410 5
639 290
487 49
734 242
170 901
409 203
783 757
110 839
771 149
866 781
446 975
197 253
144 391
130 166
280 711
905 936
513 495
590 751
242 929
556 459
323 824
486 164
879 727
479 677
257 459
999 815
820 662
977 117
159 484
557 209
704 651
906 91
301 531
792 116
751 239
275 392
702 545
479 1000
454 670
458 725
647 369
315 776
217 648
734 993
8 363
171 201
299 284
946 721
985 269
977 163
803 924
473 33
275 215
522 892
311 324
947 713
655 56
324 776
695 779
253 941
721 404
354 215
269 350
970 445
739 248
668 36
778 548
561 967
507 940
182 880
311 532
80 570
283 511
502 225
2 413
934 818
683 638
377 121
252 847
735 802
424 198
334 585
527 566
505 413
359 14
92 651
495 574
480 237
239 550
619 154
129 288
365 778
776 537
176 837
672 602
107 351
895 398
805 914
20 574
325 999
921 173
785 622
391 189
41 654
764 714
908 364
432 61
73 317
435 898
115 150
8 892
206 67
427 882
923 873
209 384
650 262
953 880
301 998
358 665
385 982
347 168
239 110
258 955
613 157
336 455
7 788
301 631
765 50
162 672
586 711
806 540
399 158
609 558
91 220
55 953
721 69
1000 12
990 619
364 519
13 522
588 130
353 24
111 674
557 761
482 309
550 1000
137 246
105 714
161 744
792 486
5 311
298 323
445 16
28 120
53 475
971 104
8 437
39 600
230 921
910 245
187 831
175 27
153 586
395 517
805 619
18 868
827 518
610 138
960 485
687 114
728 65
342 725
184 755
370 398
520 845
49 267
620 70
952 760
809 273
480 137
5 796
118 703
871 471
269 301
433 5
72 963
420 261
666 477
880 260
244 193
961 751
267 442
876 510
309 523
20 722
483 792
562 140
180 947
534 463
707 521
667 358
176 79
33 714
487 573
435 926
838 680
242 704
347 828
509 950
383 845
357 98
547 910
949 878
937 814
845 141
252 15
589 136
111 196
854 951
738 942
354 603
121 912
160 768
531 755
380 171
532 24
932 850
312 187
801 407
47 541
712 444
715 105
982 59
913 480
398 88
420 560
722 918
425 158
504 641
930 561
678 947
401 165
365 364
682 62
477 594
833 186
504 752
601 134
565 355
566 708
736 939
683 920
904 987
905 358
411 253
730 469
164 275
331 258
515 715
325 800
640 868
813 523
129 818
463 182
139 548
287 356
168 244
259 223
633 992
636 749
359 86
329 7
41 923
448 947
269 699
515 191
23 908
281 85
177 36
714 261
310 472
93 968
849 618
472 340
975 335
483 645
279 708
887 474
453 593
864 216
519 402
333 187
798 351
52 395
347 609
436 644
826 12
220 275
196 732
389 266
494 997
198 906
860 291
781 905
980 900
584 421
712 250
419 652
938 356
878 186
200 573
113 972
898 700
985 304
125 637
882 920
440 251
812 627
355 1000
825 264
420 596
630 629
461 956
189 226
65 60
244 879
769 834
700 722
882 717
795 361
983 387
264 869
875 412
911 668
805 441
15 413
494 878
425 805
874 732
17 211
952 594
918 379
425 694
563 120
107 84
606 62
718 660
321 303
701 986
757 76
153 860
671 742
823 299
625 608
771 148
766 753
120 920
887 928
121 321
12 48
453 130
476 37
519 579
496 939
283 631
11 872
289 526
737 136
791 431
98 962
893 773
15 913
770 358
650 656
888 123
360 308
31 897
175 811
750 609
898 450
439 998
868 724
336 333
119 626
285 284
365 975
238 292
629 605
866 724
430 74
215 972
471 422
717 394
501 815
673 812
177 925
282 261
149 909
768 281
940 510
744 135
271 108
416 599
536 147
220 900
43 901
81 330
651 706
564 289
323 405
971 353
644 409
57 801
220 827
167 284
208 851
964 682
977 319
200 823
494 441
506 410
619 704
212 746
624 730
181 561
601 769
78 939
118 148
565 967
610 884
246 72
448 63
180 786
639 483
217 374
891 754
847 359
204 683
667 5
589 8
691 139
45 890
139 509
552 82
384 484
516 437
956 172
638 282
64 527
179 637
770 40
917 311
747 142
642 238
935 951
314 79
225 376
922 270
392 781
139 40
784 291
36 432
976 571
461 957
599 763
495 98
372 415
215 99
110 271
293 981
827 357
77 126
65 670
745 44
764 792
103 686
877 535
201 397
722 260
760 687
907 666
915 887
424 954
977 210
138 804
475 557
938 207
596 807
78 634
427 334
347 836
985 360
658 318
75 464
938 94
796 336
190 995
907 969
655 767
243 855
209 667
356 606
329 558
481 763
339 645
66 855
395 742
942 715
65 405
174 817
766 911
8 716
253 712
605 531
677 166
403 928
778 827
932 553
89 648
19 693
446 788
675 554
623 956
428 291
558 885
684 58
465 602
508 728
605 166
254 428
238 469
547 995
676 87
1 329
737 71
77 478
796 728
671 988
525 934
438 81
556 396
903 249
82 7
656 314
824 812
676 821
128 227
384 157
543 348
621 835
297 374
567 445
492 889
589 421
275 741
155 843
689 279
595 925
872 374
730 892
837 568
566 238
492 543
789 837
580 864
981 557
449 372
413 465
25 729
194 32
920 682
947 307
464 294
651 522
889 294
216 391
289 461
532 383
860 668
900 251
812 543
998 578
115 286
29 259
947 768
235 754
240 140
331 39
702 58
979 223
754 795
319 590
711 184
616 739
680 532
364 37
91 743
610 845
113 355
338 648
297 744
69 520
749 406
291 514
53 999
476 542
313 786
740 687
724 308
890 28
619 950
378 1000
397 146
257 519
149 529
39 861
484 950
84 58
274 622
519 952
114 881
605 281
442 367
595 287
5 895
118 664
193 759
712 577
196 306
268 231
322 18
89 902
625 724
699 333
93 86
64 324
799 254
642 39
537 267
521 910
97 85
327 263
333 663
535 802
955 133
663 716
410 530
60 642
555 552
556 263
979 760
375 515
394 14
585 273
996 349
834 528
428 289
450 361
756 381
349 801
477 263
172 798
856 887
377 775
364 566
458 703
431 293
43 11
410 982
184 516
489 567
897 456
368 640
714 489
740 184
69 936
929 991
33 130
604 607
25 731
494 307
12 415
245 710
507 164
380 430
308 435
389 862
143 508
303 248
35 886
614 262
147 868
97 529
424 319
333 945
852 935
377 257
801 487
895 963
916 912
518 580
79 534
248 530
190 661
563 349
800 185
340 226
397 37
914 209
390 822
826 731
125 459
767 362
74 5
169 303
151 395
277 59
196 624
379 758
457 913
362 171
269 845
572 106
455 934
188 867
26 66
263 914
767 217
605 238
954 422
224 183
979 969
17 504
42 847
520 755
775 869
23 512
618 154
448 764
680 505
529 532
234 274
642 813
519 497
462 258
194 932
73 609
849 128
368 41
524 163
879 36
111 142
313 67
299 112
302 945
153 691
546 19
406 851
225 904
321 329
638 740
53 178
971 403
310 515
519 509
208 965
601 45
177 355
934 220
299 687
86 149
859 843
787 114
237 471
187 846
811 264
526 781
473 193
296 326
938 925
340 151
783 279
284 738
421 386
153 620
321 806
344 193
308 548
644 990
296 100
848 561
366 210
585 546
931 522
14 754
255 122
866 973
39 869
776 317
154 497
54 606
826 198
836 516
514 256
45 391
745 582
727 722
231 931
782 529
809 469
991 997
905 970
983 565
569 865
163 208
974 168
733 570
654 158
560 827
300 510
729 936
292 618
96 379
505 825
968 191
512 446
963 100
328 685
882 364
632 379
134 159
835 62
928 396
512 75
705 326
522 60
797 102
631 329
333 646
947 694
658 319
843 889
769 638
808 639
421 655
170 372
703 290
799 931
213 50
51 139
806 41
700 548
292 74
43 543
264 320
416 370
696 323
257 649
94 126
939 601
814 407
915 152
916 327
101 787
448 139
726 722
696 417
226 368
928 504
400 957
329 105
718 717
633 774
334 730
455 928
862 300
651 389
150 54
323 724
470 645
366 602
383 664
30 333
884 915
131 733
136 805
563 766
15 859
254 143
111 770
681 527
497 682
349 649
131 618
850 110
733 508
29 213
139 87
710 642
362 788
626 713
880 729
759 807
975 282
124 213
968 76
427 332
380 335
776 145
225 613
731 191
175 763
402 41
772 521
60 811
460 77
315 818
122 604
464 754
234 814
517 859
898 975
540 748
768 495
476 842
754 472
2 911
779 375
380 506
706 422
670 533
116 17
568 59
52 852
455 377
761 462
961 500
544 36
341 370
126 760
877 93
754 493
900 425
350 480
79 674
74 666
197 339
350 371
224 766
287 358
907 122
622 575
396 667
420 69
211 290
102 419
818 112
247 654
69 186
880 898
115 532
496 562
512 826
415 83
182 378
989 106
202 364
577 616
390 663
385 964
802 591
628 333
46 324
799 142
31 16
3 627
505 919
660 439
902 284
604 20
437 235
224 744
777 582
209 4
746 293
177 742
611 841
626 975
970 579
561 888
194 867
472 577
471 269
363 290
366 29
43 10
209 294
691 934
473 870
12 775
289 142
789 713
5 218
423 895
150 925
449 448
341 210
566 277
276 93
220 849
574 800
117 955
703 132
155 658
636 105
535 975
204 253
557 978
687 752
71 111
165 230
306 891
60 412
443 524
598 132
916 913
477 805
300 750
596 429
778 926
1000 514
639 457
394 903
624 926
397 36
593 917
218 324
445 312
253 655
914 353
519 782
960 47
891 601
433 353
365 658
719 327
277 464
206 430
176 717
999 215
726 629
175 497
359 116
770 211
516 467
478 578
905 860
780 88
619 64
841 94
624 346
974 802
560 562
390 371
410 341
558 917
932 498
926 720
693 747
125 505
237 735
1 33
241 740
452 953
885 431
580 339
484 328
957 435
180 577
487 583
664 782
495 72
194 933
953 551
395 326
775 155
266 505
640 166
332 874
669 293
229 254
587 996
915 861
4 708
815 764
971 609
412 161
158 325
198 662
882 43
898 772
60 723
497 15
703 43
446 448
564 291
532 321
436 222
790 933
238 870
925 366
29 345
211 773
751 684
452 727
530 177
821 862
715 247
939 495
652 668
356 523
486 590
142 138
790 630
756 559
579 674
529 193
130 500
791 9
801 819
62 735
930 291
373 371
727 772
903 608
433 30
841 233
964 243
610 438
499 301
230 399
20 303
417 610
555 964
672 555
28 872
361 477
180 775
496 856
776 890
797 944
45 171
928 961
395 388
883 241
228 922
376 877
850 337
505 847
876 714
385 287
379 46
817 316
485 134
430 761
77 124
959 354
251 841
747 716
124 942
938 427
224 527
354 690
996 229
337 800
671 463
954 721
868 959
815 656
485 457
532 246
310 511
575 48
905 112
83 846
826 524
137 106
526 972
472 855
768 260
826 518
275 244
351 33
642 62
406 596
694 561
148 427
728 439
611 450
243 966
41 701
636 887
986 610
553 349
107 240
236 404
496 297
740 516
887 727
320 71
545 530
880 143
803 373
221 409
477 15
257 18
467 9
947 275
567 248
398 729
476 201
351 667
249 833
782 579
904 99
666 472
906 382
672 633
214 812
196 367
823 130
239 459
242 541
760 162
223 72
448 584
488 933
984 554
897 949
609 387
791 465
850 111
816 291
227 397
876 671
56 664
276 421
149 145
7 87
724 539
551 355
148 95
613 539
43 259
600 664
342 285
744 838
55 760
839 420
811 774
686 586
566 236
271 896
399 255
665 717
578 694
741 90
425 481
670 233
428 748
692 289
345 186
990 586
668 122
868 34
155 649
347 859
877 940
972 64
230 943
833 270
192 690
838 537
897 83
768 415
184 342
702 56
445 49
682 353
360 631
930 703
635 428
644 113
190 767
230 952
499 983
857 930
680 677
57 682
795 148
64 154
338 537
728 177
400 252
205 839
672 328
451 731
349 40
177 709
486 963
536 660
120 895
762 306
448 950
712 579
785 265
783 770
455 845
24 581
520 586
336 951
192 395
49 22
20 753
422 773
258 314
480 502
825 852
598 886
766 993
37 654
745 892
459 498
966 517
715 775
29 671
251 531
354 644
713 298
91 458
988 884
793 322
760 779
462 343
673 916
622 320
986 341
783 459
785 998
751 215
618 376
177 630
181 102
661 300
149 504
388 832
115 660
543 215
385 658
378 487
754 74
848 11
981 801
928 147
892 220
490 780
933 910
939 373
595 325
602 473
556 67
458 369
994 287
246 496
783 317
169 524
436 392
656 1000
313 707
740 766
812 803
544 65
66 925
584 834
625 170
369 628
156 654
161 864
329 198
662 640
973 961
887 671
822 986
509 469
36 987
899 95
315 817
118 843
500 201
438 834
934 583
371 413
552 85
689 768
547 446
487 275
355 524
366 672
735 633
442 240
885 140
758 906
211 437
966 327
219 974
571 149
989 254
104 542
525 380
280 696
12 273
634 170
471 236
680 507
992 61
840 395
760 73
21 414
8 979
873 933
414 167
343 7
954 984
737 472
502 707
681 701
86 751
968 788
237 913
315 927
579 442
11 390
765 411
927 636
824 435
109 343
113 796
869 429
962 321
29 54
748 690
638 746
108 529
807 107
241 176
919 685
96 669
232 731
722 577
12 955
413 570
562 829
985 386
164 737
695 775
477 614
665 848
463 567
834 169
1000 321
40 958
403 748
667 331
423 721
869 609
912 626
863 71
159 926
773 875
667 504
749 215
193 369
317 784
585 544
866 409
205 783
249 59
1000 797
140 190
736 547
899 443
10 323
508 695
783 725
897 654
680 42
864 327
480 80
899 345
496 970
577 599
923 591
562 133
128 875
153 456
210 235
55 497
58 87
168 523
647 141
758 688
536 310
63 811
745 128
543 477
712 87
567 459
755 91
846 134
525 979
548 564
896 61
313 93
993 707
770 617
372 696
835 32
764 138
341 951
640 50
626 871
627 386
632 492
377 899
375 152
450 113
242 239
778 275
565 105
859 324
143 391
111 499
223 213
722 692
585 353
427 464
363 478
290 968
900 145
829 277
800 5
360 540
434 319
911 819
291 666
293 72
423 757
674 729
689 488
843 54
239 929
956 783
407 65
502 247
832 364
639 384
966 176
696 308
736 737
952 926
827 538
900 326
407 950
212 94
325 217
135 584
211 158
799 481
107 17
457 470
614 544
960 135
671 699
818 221
325 507
36 98
611 181
386 145
244 205
102 231
289 602
732 810
955 13
871 177
488 934
470 522
914 874
755 872
563 54
732 72
772 955
184 708
637 453
16 555
381 135
916 246
2 626
150 570
270 559
876 958
385 491
149 370
722 340
841 546
860 458
882 142
259 843
180 680
834 813
941 519
671 418
678 634
510 806
484 837
692 290
769 559
357 710
907 921
322 155
269 384
237 12
539 558
112 294
88 836
251 144
939 409
433 520
951 842
678 6
648 117
577 177
28 207
601 59
463 3
16 286
198 42
364 198
754 634
95 438
639 186
466 370
57 660
895 159
3 185
645 656
484 929
619 201
140 70
88 303
878 794
840 591
79 115
960 227
102 304
158 614
72 995
698 539
969 429
684 538
756 616
119 983
780 5
374 932
659 940
23 827
419 231
684 681
923 567
965 144
905 838
892 799
132 261
462 442
589 501
360 793
849 264
461 66
67 471
251 530
988 885
661 73
989 556
811 980
814 553
375 909
211 980
309 47
890 822
742 831
411 627
764 835
176 476
802 96
794 972
688 327
427 237
122 527
525 876
821 53
492 397
437 316
95 816
742 256
58 650
281 800
514 966
673 102
968 550
808 795
521 186
425 365
632 659
427 395
393 271
895 750
274 122
313 480
670 484
599 454
322 366
394 675
986 825
164 605
764 103
528 936
191 592
527 138
472 46
588 932
311 527
222 126
80 595
812 796
190 664
92 926
937 117
520 43
406 464
197 280
566 713
258 219
440 955
773 552
913 364
838 454
732 605
988 503
809 220
296 937
154 11
118 840
211 86
12 93
50 232
679 381
686 236
690 472
563 794
33 827
89 999
640 665
240 597
793 993
135 182
874 156
432 391
395 13
604 293
453 287
555 875
650 525
671 913
28 949
587 463
632 21
244 475
318 614
405 201
695 188
439 994
506 881
12 624
129 820
521 538
524 411
11 296
802 21
206 693
284 711
952 361
146 736
555 324
318 418
730 930
893 310
731 391
678 642
739 944
137 76
432 688
164 659
402 24
817 247
740 46
632 687
801 166
697 501
471 998
352 770
276 752
632 798
905 192
155 481
543 850
553 726
919 483
5 367
388 601
433 592
929 587
38 489
260 819
874 685
946 270
175 192
1 677
737 627
853 497
321 724
909 491
567 755
142 426
95 398
905 668
179 931
736 548
422 663
116 270
499 702
871 430
162 562
664 688
390 706
391 159
193 700
589 714
134 945
443 180
335 834
653 345
399 166
111 747
862 593
612 780
520 658
768 700
806 932
239 151
78 19
81 861
335 608
588 692
850 939
267 849
16 607
309 502
826 192
504 22
831 337
742 884
814 609
530 700
531 621
237 884
831 142
313 92
332 136
189 753
315 954
797 498
229 784
711 652
577 100
861 612
919 835
960 784
354 547
708 834
394 438
493 44
935 213
565 104
415 881
915 89
184 205
475 606
739 829
930 550
78 792
445 43
763 16
85 4
855 608
881 237
479 284
806 413
303 34
431 742
725 197
384 718
397 106
308 571
792 840
26 372
173 387
35 510
622 550
454 347
97 169
690 190
545 641
914 566
455 986
233 458
274 808
349 484
576 424
279 473
27 608
713 65
676 83
642 95
292 836
385 46
222 541
25 450
214 669
840 348
604 493
267 324
935 599
438 85
3 536
430 569
129 82
109 351
276 955
565 615
729 905
774 253
890 928
337 96
754 932
967 740
841 592
534 669
994 834
636 49
591 833
290 70
910 636
807 204
43 35
516 606
997 174
416 78
678 635
759 356
959 102
813 600
640 398
420 686
869 373
377 527
485 636
751 881
22 729
213 98
531 69
414 715
458 347
795 840
304 941
565 366
714 616
880 368
754 409
442 823
60 362
244 767
268 351
855 757
624 885
18 818
22 938
446 986
395 548
605 627
588 871
37 231
795 7
73 211
112 263
151 464
409 241
762 193
672 697
925 777
875 98
334 309
286 440
405 149
71 750
311 643
21 133
525 748
345 909
966 345
804 140
736 202
718 462
224 30
867 740
337 273
278 456
104 480
475 143
811 553
991 847
357 175
197 950
509 996
435 961
152 201
150 596
708 454
157 328
536 367
48 441
967 712
94 844
204 308
21 346
893 396
461 163
544 953
699 688
419 691
265 25
67 133
108 559
787 380
533 352
424 630
575 229
261 109
835 136
621 359
87 463
402 53
208 876
463 684
155 663
277 370
446 442
639 775
160 15
61 833
354 205
407 309
299 724
782 163
278 450
672 25
786 113
218 607
799 746
481 295
557 990
635 386
494 838
857 956
730 434
415 764
430 395
934 776
908 947
486 643
801 709
299 822
383 25
455 636
294 570
922 883
66 701
766 602
456 705
662 881
917 891
97 209
297 503
117 30
339 12
858 996
937 85
128 611
515 113
225 117
726 660
177 234
272 194
771 808
595 428
228 643
295 559
23 540
289 754
551 766
498 264
996 543
614 90
51 936
12 482
106 453
197 938
951 209
884 446
102 793
751 132
241 507
936 677
759 921
669 433
444 900
985 964
640 185
713 597
469 635
57 473
755 238
884 394
484 56
345 470
290 337
493 182
938 325
132 412
540 561
7 972
449 304
821 8
735 438
772 716
419 828
151 513
996 34
464 339
372 836
674 826
143 429
317 362
375 468
913 419
648 591
476 781
38 12
496 211
21 818
143 158
354 209
194 262
568 7
990 802
536 549
960 91
416 867
880 440
807 681
643 977
43 580
247 956
231 283
344 197
810 494
369 534
136 753
140 297
822 821
344 944
511 200
495 727
810 625
942 402
343 899
472 635
805 186
295 796
336 851
339 40
378 526
861 243
6 608
742 350
284 221
453 353
606 825
561 360
45 23
451 320
21 222
357 150
927 30
768 701
336 671
617 802
335 611
125 11
572 590
385 284
629 907
464 243
194 900
727 274
360 420
860 369
607 964
422 700
812 492
617 92
626 786
898 709
367 784
725 942
617 237
124 43
640 52
938 313
901 435
596 957
940 479
319 994
88 588
431 676
768 360
281 984
312 20
977 870
445 840
608 886
604 515
829 674
702 176
252 677
540 938
752 256
787 771
327 202
419 156
574 217
188 268
886 863
84 333
411 23
21 176
593 577
600 474
779 768
635 330
140 382
127 254
644 958
39 948
134 904
212 88
305 778
190 935
382 776
679 740
800 983
549 200
572 191
354 254
505 573
980 212
103 39
366 751
607 471
573 323
462 130
210 939
583 974
486 4
898 242
521 917
529 950
768 746
415 153
219 776
534 449
538 908
907 241
253 105
660 415
110 466
366 952
694 138
788 315
72 34
10 71
301 964
921 249
512 269
859 998
916 103
294 407
6 27
930 135
586 741
846 787
703 910
119 343
47 682
980 989
195 383
431 877
290 665
772 757
848 403
116 667
800 726
564 375
87 298
713 847
843 648
75 354
424 554
400 265
688 443
670 383
963 755
565 75
406 382
578 454
857 133
469 215
161 654
694 528
825 359
238 908
956 719
728 406
85 39
571 992
226 23
130 742
334 894
652 679
196 232
348 454
400 352
734 511
446 987
782 913
344 189
143 601
683 700
788 837
45 418
628 516
594 628
41 780
8 958
838 107
966 444
952 666
934 606
762 305
428 949
883 543
44 379
444 445
234 25
913 610
1 168
789 319
665 193
975 420
851 234
535 361
659 799
491 523
866 565
405 183
667 524
919 14
138 466
603 650
699 159
646 890
427 129
926 410
356 88
202 812
8 905
337 67
484 182
565 747
181 242
960 58
938 479
119 394
466 760
33 443
489 681
824 394
147 175
185 96
539 881
759 730
989 893
692 256
871 331
613 770
445 880
138 584
251 193
848 157
379 227
568 108
312 810
991 42
169 231
353 386
522 677
304 842
229 747
123 376
541 504
731 918
992 662
990 97
888 999
631 881
390 811
463 227
729 249
657 116
841 407
144 833
507 743
678 258
828 251
166 502
614 652
687 48
679 799
378 888
509 466
199 366
448 850
504 206
932 24
610 430
573 282
46 394
747 11
515 129
699 364
514 237
700 131
996 826
858 946
668 407
550 901
992 65
903 175
68 522
803 107
76 735
978 255
851 375
798 274
266 131
86 512
638 45
822 436
471 94
662 301
976 996
370 335
577 795
945 863
548 396
641 102
806 664
788 499
613 354
808 754
798 859
825 882
842 816
341 912
638 670
588 439
702 443
351 299
941 589
122 545
806 326
146 369
995 284
872 81
851 913
943 630
431 481
658 359
222 318
459 984
174 573
484 637
532 419
407 611
803 877
672 38
47 166
469 368
379 708
311 621
299 977
504 925
126 997
909 408
285 670
986 842
520 201
302 586
210 531
523 974
28 416
503 710
568 725
326 69
148 813
130 496
836 754
636 700
235 253
552 201
957 366
559 398
546 827
139 499
770 179
745 560
619 32
547 351
63 737
980 407
673 268
288 985
163 215
516 721
477 491
499 79
941 92
407 149
873 318
915 705
435 907
224 950
741 767
872 610
546 511
656 355
716 947
103 126
385 275
738 675
320 932
517 403
21 288
719 875
155 786
600 815
506 514
103 676
769 294
453 821
664 12
397 962
313 211
205 492
678 59
9 202
831 392
181 972
55 807
132 256
119 144
259 671
939 289
82 786
263 875
910 418
749 138
967 215
364 936
476 786
331 49
848 869
977 519
905 226
155 463
216 207
870 443
643 434
844 497
999 907
118 202
395 685
433 626
658 109
808 386
511 905
135 673
853 510
946 304
507 574
643 336
183 699
630 192
353 148
79 690
639 274
16 324
511 239
993 356
795 426
112 965
309 882
280 616
758 215
654 402
344 623
36 109
510 60
22 456
850 329
357 983
638 312
197 190
400 848
499 442
941 47
102 117
800 306
590 695
633 866
418 940
382 453
520 688
850 107
64 540
319 508
802 774
324 70
309 310
419 298
243 46
25 871
403 784
788 452
402 523
523 49
554 993
287 395
360 385
119 392
328 895
789 990
739 295
138 224
582 751
531 651
125 880
893 161
102 512
911 348
259 832
842 987
733 290
759 358
760 576
892 69
668 572
199 303
420 680
26 867
557 581
947 665
234 954
899 538
810 99
277 460
652 834
653 535
526 863
251 149
345 88
199 77
97 527
959 983
657 877
312 766
259 409
558 735
528 262
260 337
856 507
231 461
583 120
341 381
522 12
662 521
274 326
779 815
818 779
398 927
165 944
908 191
637 832
84 64
570 887
947 194
291 870
900 692
232 974
973 346
398 697
662 986
499 376
615 926
727 800
763 747
123 244
469 876
698 550
606 871
572 51
277 153
154 168
395 226
306 443
60 742
257 197
247 405
225 329
871 214
529 913
381 70
275 553
667 527
462 441
28 963
824 718
626 742
663 571
907 109
655 763
488 163
56 551
720 510
974 391
189 853
702 525
684 232
449 697
922 181
536 15
898 650
683 416
151 654
941 616
512 8
953 106
458 520
555 234
920 797
316 702
127 831
40 680
938 129
585 85
298 224
179 282
764 403
605 913
678 839
682 138
331 104
833 238
445 224
504 676
346 615
80 455
354 186
946 406
566 699
676 897
952 891
492 76
735 16
922 607
61 33
243 898
558 816
657 992
221 315
293 158
424 67
297 219
779 843
227 662
464 836
891 751
913 1
676 942
681 125
40 115
97 310
304 568
66 699
486 784
287 321
474 888
754 272
154 22
504 207
654 475
732 975
701 503
255 162
899 464
314 848
676 6
241 957
311 125
371 270
832 780
137 842
556 451
101 490
708 262
733 193
709 162
487 749
426 571
561 44
323 945
305 366
77 194
79 404
427 927
106 338
642 982
555 411
383 770
632 918
280 139
544 872
216 777
881 553
989 702
829 841
994 466
401 888
100 411
997 147
661 332
920 970
531 816
551 141
240 413
147 59
989 832
742 568
263 753
753 209
915 62
238 875
384 566
204 143
298 406
136 183
941 878
804 846
990 657
97 710
653 607
285 262
261 487
130 572
829 382
388 356
142 143
92 974
847 590
959 636
734 436
40 192
847 429
973 784
795 80
882 600
144 174
681 89
593 773
188 63
705 323
763 437
303 734
879 831
326 213
808 84
224 267
592 973
460 907
961 618
602 876
202 350
40 397
594 972
560 580
889 248
343 739
969 48
730 702
718 405
24 641
611 583
63 736
67 741
766 417
400 644
974 178
414 485
508 256
56 641
507 181
759 857
315 352
561 72
907 36
893 915
698 163
774 276
613 308
794 766
872 754
189 731
54 190
475 919
663 976
580 82
416 260
930 97
526 695
780 739
547 760
843 529
347 334
664 444
792 241
405 674
134 288
906 345
66 490
74 929
717 137
664 299
518 442
407 409
797 17
545 120
104 216
604 541
950 561
707 284
420 123
178 978
711 316
252 679
768 392
536 916
513 259
289 107
943 281
307 59
56 377
476 642
460 491
190 708
49 976
212 388
303 47
997 245
571 823
520 23
973 675
297 130
815 64
861 898
718 821
535 321
478 338
14 720
307 326
914 418
18 751
518 800
35 368
867 540
787 705
221 5
371 424
964 948
410 244
653 152
123 879
434 718
608 653
628 704
25 475
779 718
374 572
414 295
126 237
257 248
297 751
762 509
249 678
968 404
788 743
20 841
862 560
813 116
428 22
563 629
827 440
133 615
426 499
279 460
547 41
894 496
162 25
744 409
569 722
975 518
511 408
24 674
648 686
646 73
617 207
640 18
271 60
772 759
829 994
760 577
501 657
781 895
105 396
865 121
253 790
143 118
803 863
64 559
47 906
910 268
659 12
837 40
535 929
39 278
463 634
564 151
967 186
542 343
791 648
259 267
521 124
540 904
407 131
854 232
695 816
770 645
124 520
165 93
654 731
61 28
189 71
395 712
182 816
829 23
960 426
616 476
763 287
395 601
236 501
554 798
776 364
546 926
619 828
106 921
88 132
586 399
37 373
369 685
64 445
502 451
532 920
681 290
26 105
709 468
50 851
344 588
988 269
644 577
663 487
214 845
766 366
159 68
552 416
382 407
883 398
612 880
130 559
922 222
525 339
513 267
162 347
860 102
500 885
618 48
102 993
803 478
953 429
594 73
483 538
582 558
270 668
590 37
292 680
43 354
685 815
394 152
486 594
180 649
72 306
806 717
897 295
682 567
313 40
332 892
958 920
695 491
598 201
480 934
211 822
659 330
788 174
23 708
267 713
510 977
811 404
743 977
427 399
268 905
913 452
319 35
643 751
551 462
916 697
446 264
861 695
290 780
131 272
773 993
925 557
798 588
412 287
622 784
36 659
459 796
614 928
455 263
116 218
156 788
584 839
397 94
365 618
518 974
562 342
433 266
876 122
143 959
790 334
349 150
507 335
853 294
897 564
970 66
623 908
332 789
663 37
62 692
505 377
378 745
658 999
153 213
535 329
173 234
841 504
547 421
804 92
453 138
36 166
58 346
866 757
707 683
654 762
215 384
732 238
816 273
263 14
67 665
166 741
418 981
880 648
864 13
77 12
426 568
462 410
135 80
68 117
768 835
516 797
756 442
703 669
42 763
849 249
479 578
209 90
103 642
87 25
343 243
480 991
350 693
336 99
410 898
566 169
114 246
177 998
34 873
660 917
545 83
2 418
178 604
655 146
436 164
204 136
591 812
705 661
200 354
321 108
583 652
416 920
218 284
754 250
868 374
652 779
948 174
865 728
22 631
60 446
867 54
942 580
981 34
867 448
331 373
443 671
634 134
249 220
240 698
819 40
2 402
354 283
187 658
635 272
255 99
995 570
773 520
580 874
211 137
763 436
178 450
808 85
171 791
589 800
547 496
984 310
748 311
54 704
652 173
848 89
521 975
3 544
351 704
68 631
449 804
712 894
911 221
71 977
590 835
422 977
138 488
690 685
86 546
347 50
444 820
764 929
603 357
587 856
489 325
940 180
299 196
930 126
772 909
812 382
281 706
194 165
747 851
660 58
509 636
863 605
856 933
795 531
693 62
416 930
79 202
699 645
406 993
891 253
375 4
839 373
181 891
807 923
721 350
540 822
543 941
434 425
363 469
367 721
743 878
489 164
449 172
344 390
359 934
520 393
714 963
307 427
903 324
596 483
707 607
815 67
69 429
756 238
143 582
993 265
518 918
387 400
101 796
796 876
709 733
691 126
306 32
531 489
291 844
922 950
841 318
571 389
383 419
259 277
582 7
939 439
733 489
847 97
280 665
188 802
641 736
254 39
182 256
202 706
976 753
757 404
830 225
698 866
358 347
298 286
319 510
999 328
729 796
551 643
261 433
558 313
273 113
840 62
417 211
879 391
257 266
332 970
632 192
650 291
890 940
689 271
983 165
157 130
731 37
785 909
238 87
715 193
295 52
360 688
485 390
358 924
863 689
100 35
406 360
761 772
617 488
160 231
89 135
125 705
146 454
277 912
283 323
383 251
23 753
939 412
28 85
781 433
673 296
878 739
89 466
365 389
539 240
758 484
961 134
287 478
948 388
236 502
553 460
701 92
849 156
562 258
331 539
406 43
266 598
598 575
333 978
952 669
684 896
25 261
927 300
586 110
698 548
700 250
222 594
885 178
707 718
230 73
31 136
894 160
343 682
35 77
171 637
957 630
60 189
971 978
440 618
537 444
81 776
745 289
343 787
802 808
671 809
920 163
137 671
944 25
671 222
106 380
180 539
594 473
542 841
581 749
786 647
414 220
676 567
525 128
350 734
186 295
171 57
792 923
104 996
