935 2893
592 261
110 190
699 56
923 179
302 780
49 344
839 106
163 464
143 846
365 479
510 839
115 94
812 136
8 142
266 555
690 880
768 339
298 316
335 871
393 306
86 732
124 391
532 752
487 360
144 274
612 871
386 902
660 499
834 658
579 768
263 27
269 37
271 572
202 448
795 415
907 12
526 285
714 904
312 103
871 403
868 559
541 800
197 349
158 17
349 303
574 359
792 834
697 458
359 399
568 881
679 728
702 11
158 168
778 686
391 400
618 801
612 841
415 286
881 209
458 681
37 146
829 934
857 421
180 446
828 476
238 545
495 72
497 377
250 556
895 833
43 615
672 333
303 617
227 852
303 289
344 302
821 804
555 878
3 455
921 72
406 554
759 120
264 666
726 532
142 735
607 371
611 884
709 303
12 81
12 414
270 259
787 842
37 87
665 508
65 438
798 869
925 552
378 506
143 543
556 114
869 640
908 490
896 482
20 666
239 278
758 77
527 338
66 277
907 361
211 868
213 29
36 222
913 898
329 75
807 144
420 406
459 366
153 360
893 603
139 112
731 410
35 313
65 831
348 285
224 787
778 377
263 292
15 557
877 58
308 488
516 607
777 620
650 482
45 33
431 482
234 106
90 247
767 160
20 222
683 374
354 672
174 430
267 120
631 192
885 855
553 729
519 899
389 112
691 912
527 245
218 194
373 614
407 742
858 18
804 701
864 309
609 697
331 776
192 600
285 406
183 705
847 165
832 221
706 113
496 858
172 546
236 333
292 516
540 437
163 432
428 196
546 483
730 490
508 717
884 205
153 637
408 499
104 48
320 533
7 243
379 856
929 560
381 640
735 908
888 450
272 318
619 434
770 464
298 327
101 881
215 449
659 856
571 625
1 6
420 387
150 417
155 99
106 872
110 421
156 130
368 742
803 358
390 146
567 732
588 665
169 727
171 698
244 412
870 120
711 651
790 675
853 810
480 879
195 895
925 41
288 327
754 61
116 837
689 848
907 428
33 287
362 709
735 295
166 427
313 104
356 331
262 851
302 401
826 310
214 277
386 225
433 631
483 229
611 88
685 268
260 796
834 563
63 839
772 211
789 270
113 21
701 396
43 878
635 581
543 350
932 368
507 310
17 146
915 466
458 670
718 287
41 518
136 608
122 739
358 350
35 370
389 93
389 552
605 754
604 638
744 478
311 445
476 522
648 469
651 445
253 728
586 218
182 732
917 338
243 328
598 440
819 445
324 50
571 556
883 293
385 82
186 744
77 572
498 595
675 730
511 358
663 528
43 517
516 753
502 753
30 247
819 515
713 842
736 774
292 300
165 629
242 841
885 166
742 186
401 228
501 167
112 580
350 820
776 352
6 31
173 805
796 867
339 235
698 874
369 475
518 819
178 409
291 202
646 661
666 386
10 251
175 9
711 75
604 7
399 880
592 583
926 544
51 794
92 552
698 595
510 188
573 23
256 343
774 220
192 649
445 217
697 198
199 76
470 905
435 515
680 423
224 382
920 779
226 558
578 228
707 910
603 148
877 781
933 70
307 20
476 535
574 823
350 488
726 647
390 357
604 718
97 258
833 280
924 241
84 406
546 242
197 807
720 732
168 904
197 700
390 318
128 193
899 802
129 611
828 638
226 553
743 737
51 101
487 484
728 846
236 548
292 790
427 633
923 412
732 772
417 86
879 2
166 906
891 586
451 713
324 739
515 573
492 637
202 630
21 18
793 412
98 603
532 714
458 524
764 790
719 860
780 164
651 20
247 410
569 643
287 704
495 429
460 654
197 723
660 714
331 534
591 433
581 471
374 383
67 251
639 746
133 561
758 145
349 915
923 332
67 136
914 521
823 577
786 277
203 399
539 297
685 458
741 317
366 128
394 62
715 639
718 434
4 347
585 434
875 302
749 852
162 453
40 143
187 829
668 164
430 68
51 346
498 797
795 740
867 467
671 62
124 697
889 56
713 647
788 378
865 860
218 536
206 915
903 91
335 565
468 619
463 191
896 614
827 747
918 188
900 373
441 693
135 258
232 708
854 35
90 686
436 376
369 352
922 892
354 193
563 399
213 10
822 262
795 800
426 136
63 125
605 649
354 502
431 819
692 847
583 413
364 707
861 27
809 45
700 159
386 339
46 505
286 855
233 873
586 687
610 534
793 916
2 168
133 289
687 654
289 757
443 158
627 159
630 463
65 4
763 528
587 628
676 886
863 94
682 925
62 780
900 618
234 871
164 658
44 320
845 261
663 258
810 818
333 38
262 347
459 468
162 206
68 118
611 344
649 123
645 327
229 299
304 553
818 504
14 664
751 97
719 349
137 485
339 33
804 509
218 248
517 703
257 473
900 552
657 639
651 673
130 322
572 557
354 718
389 808
337 623
247 228
85 249
692 307
306 608
44 659
631 713
670 113
835 393
504 301
567 609
590 887
904 763
424 260
43 400
601 838
673 633
864 140
222 92
149 228
428 682
413 175
141 437
72 463
398 118
899 719
458 421
183 14
557 643
707 215
355 458
653 911
416 492
879 646
271 285
369 855
171 18
905 243
409 886
33 546
824 328
202 903
144 461
388 785
449 261
743 322
680 732
915 224
280 703
172 194
598 290
31 615
585 148
244 833
270 617
441 48
257 324
19 919
188 49
119 369
473 653
718 705
883 249
494 143
851 279
228 928
784 530
459 201
627 870
376 478
829 510
656 637
698 618
374 389
321 783
519 93
524 547
764 786
121 784
784 816
773 466
561 501
98 81
270 771
362 800
881 347
552 837
581 460
368 7
370 279
613 425
613 100
244 268
154 564
671 690
709 267
165 14
3 370
260 790
318 932
637 633
821 595
221 359
495 482
889 365
264 416
502 911
196 496
141 561
861 823
200 861
786 472
209 657
763 896
527 534
678 202
109 301
128 340
681 450
476 202
28 324
119 649
905 778
620 209
625 557
41 527
183 863
244 205
119 101
284 529
263 719
413 584
677 529
275 923
97 818
591 779
317 386
232 540
908 445
74 315
529 367
680 292
315 736
86 786
120 764
547 84
731 70
419 297
917 42
828 46
248 747
28 249
840 612
693 14
235 362
401 390
4 805
313 773
278 369
649 867
299 822
28 360
717 558
840 499
549 922
385 32
426 732
616 633
601 784
531 657
481 704
345 804
487 728
643 234
95 26
98 896
220 890
214 203
235 210
334 872
750 112
701 358
684 482
64 474
372 771
412 343
571 838
607 12
596 499
155 648
47 910
410 806
655 528
325 803
248 693
53 724
921 659
117 385
248 464
446 215
908 435
288 587
270 26
418 364
460 321
519 214
688 743
856 788
395 465
550 253
329 2
368 35
578 289
482 127
708 471
503 32
286 432
401 813
606 889
113 539
368 749
576 444
335 342
462 330
762 411
245 761
732 714
567 317
218 291
835 915
200 66
356 405
433 688
858 262
698 882
74 127
789 852
169 142
593 841
597 769
447 878
247 391
908 446
72 440
122 611
24 59
83 891
173 592
29 353
692 423
364 84
452 537
497 660
605 56
326 571
165 353
762 91
228 138
836 892
502 343
930 146
549 6
878 377
512 596
367 764
653 40
315 53
469 647
271 592
311 228
25 267
759 368
795 315
85 822
467 109
723 850
262 12
290 477
899 195
793 45
428 102
564 555
784 769
140 818
325 596
435 44
881 44
633 297
448 790
356 935
343 394
735 933
56 294
812 728
393 190
359 895
909 723
839 587
842 253
832 318
632 222
192 410
800 276
549 620
236 576
913 606
625 257
438 147
295 574
775 319
279 186
473 791
68 833
253 613
931 14
255 668
917 564
442 404
745 296
818 269
103 889
254 810
864 234
461 447
65 894
781 864
565 590
566 855
883 496
175 712
292 479
646 485
232 920
746 420
842 616
15 916
574 567
330 249
316 436
9 881
800 671
232 508
140 477
362 655
244 729
759 351
260 659
796 176
500 757
265 405
361 771
213 669
610 259
904 499
742 268
96 142
85 690
661 213
759 566
925 886
309 773
111 243
426 572
318 614
562 350
837 330
240 40
223 687
332 83
44 453
190 113
284 545
820 659
68 597
785 493
609 660
58 146
542 706
155 820
192 58
706 873
397 801
339 368
126 40
553 23
209 247
817 496
669 765
551 756
213 446
365 642
439 415
630 461
795 824
432 14
620 248
716 601
839 926
865 905
423 470
595 692
561 177
134 805
694 696
899 704
810 486
191 406
178 563
840 306
587 341
808 219
665 169
386 474
686 209
591 933
211 307
196 616
51 176
291 737
892 335
849 770
208 475
124 500
870 920
231 86
801 635
81 327
392 609
201 144
2 524
223 249
842 804
539 495
789 932
673 357
876 241
606 453
744 534
917 593
204 476
810 515
544 577
679 4
619 145
471 107
200 587
774 286
853 485
780 907
178 159
509 516
135 719
528 126
786 369
60 916
258 812
85 455
212 177
824 329
518 61
792 604
613 422
410 585
305 405
252 463
567 85
73 126
143 711
274 169
437 363
763 148
195 565
762 370
600 329
104 238
233 352
267 740
401 743
440 379
55 861
44 755
216 738
12 747
324 216
108 234
71 502
1 235
368 434
646 435
82 611
600 50
568 27
219 748
473 217
294 340
688 80
324 510
406 278
119 150
466 923
840 778
687 239
716 452
737 73
774 155
759 635
462 34
657 69
587 369
34 595
54 301
331 63
735 249
761 582
565 276
531 313
709 377
906 153
736 900
57 104
26 341
199 431
741 190
83 543
872 35
873 443
376 893
485 37
646 131
2 159
93 649
270 151
784 739
863 380
59 58
153 49
871 187
856 59
105 694
622 440
896 455
752 124
608 262
19 258
756 646
131 614
8 17
299 79
104 592
928 413
211 906
124 627
161 505
739 756
535 42
614 545
743 135
356 720
506 831
294 469
37 438
221 185
369 603
761 425
245 248
924 888
561 623
611 739
135 254
190 554
653 381
471 228
183 50
116 183
64 538
211 784
325 82
290 641
54 430
720 641
469 886
828 47
529 900
119 204
658 554
608 54
256 91
535 861
720 101
902 454
136 246
173 612
765 683
860 340
845 637
221 376
409 316
464 775
691 467
288 209
269 621
917 882
426 620
729 430
699 726
749 595
328 902
328 603
662 383
188 837
684 819
283 52
493 453
143 205
567 653
630 531
95 550
794 404
669 371
172 497
413 891
252 668
224 878
807 113
718 132
729 923
770 569
609 202
20 495
630 714
848 621
64 822
600 872
306 121
607 133
916 673
558 108
765 597
235 50
164 254
735 170
404 589
313 573
296 515
189 551
478 815
119 767
283 149
820 436
469 322
291 702
283 2
697 327
89 906
511 541
455 847
448 6
498 463
523 489
897 297
275 365
701 430
316 57
304 529
783 631
897 556
439 168
349 853
685 16
886 462
64 433
465 501
915 909
798 607
714 633
201 549
458 515
60 819
385 601
372 428
376 757
197 12
785 843
473 454
467 326
539 647
259 18
627 409
560 429
502 843
107 204
92 568
115 713
226 777
614 294
11 514
395 118
342 851
550 148
906 446
681 414
700 430
160 268
779 626
285 198
435 92
476 624
593 512
614 511
245 931
229 494
287 388
431 806
495 698
288 831
1 266
148 914
916 262
871 117
658 664
455 56
833 248
557 369
409 347
673 745
283 318
156 544
473 310
849 805
739 194
466 153
118 141
817 138
176 452
725 438
491 531
293 15
701 130
224 778
667 837
136 923
411 220
329 800
516 614
131 205
774 203
560 574
290 340
712 713
824 568
770 908
532 851
406 64
185 122
97 736
584 62
879 131
735 142
775 562
371 664
157 887
504 205
748 702
74 227
131 888
883 648
710 746
542 815
178 687
269 15
272 663
305 147
172 701
913 4
768 476
440 915
76 276
562 293
230 874
247 136
157 117
99 571
508 482
666 327
150 92
81 880
813 191
262 207
891 342
349 159
290 882
293 742
478 584
505 187
772 799
789 935
46 105
137 256
482 646
431 930
177 519
274 673
416 910
558 190
256 743
161 307
39 883
667 625
45 189
823 11
433 717
394 861
400 103
167 18
924 93
748 889
361 9
15 522
91 432
439 15
741 923
300 412
708 33
835 699
224 66
415 38
92 465
609 249
347 526
519 123
649 488
82 817
322 192
806 749
660 744
564 76
487 90
349 21
133 531
244 893
693 619
641 541
142 137
273 731
32 398
323 74
52 702
1 676
146 506
521 546
137 28
907 274
564 164
56 450
181 660
296 418
249 894
657 101
794 471
183 65
67 222
285 11
108 447
45 382
886 641
153 771
727 889
35 657
161 502
452 198
73 116
553 367
112 9
364 662
780 127
838 376
689 777
697 584
476 6
43 603
372 87
49 92
470 145
198 106
678 927
551 487
459 538
7 479
872 423
90 108
327 649
39 672
297 1
440 21
565 514
105 425
414 118
769 5
408 769
562 670
546 676
711 873
12 533
641 67
649 3
618 303
165 543
650 761
489 804
97 747
78 790
870 563
135 932
284 895
655 386
825 581
203 451
519 441
115 369
483 713
597 714
727 442
584 774
694 746
418 699
809 835
740 649
27 507
323 746
657 171
490 819
270 600
129 872
97 489
760 151
651 626
677 915
250 697
923 905
761 248
449 175
107 26
290 652
888 757
796 892
857 574
713 852
588 288
848 148
629 925
61 672
742 323
501 553
482 717
926 522
507 252
106 225
913 503
605 622
828 933
154 430
189 769
731 210
902 642
596 521
392 637
467 10
396 579
200 68
55 901
722 57
499 208
618 102
922 661
732 482
185 135
574 441
467 309
196 362
452 551
348 61
501 872
317 843
103 261
876 523
623 420
862 562
739 740
921 60
338 768
887 606
283 129
377 350
305 295
710 546
865 753
348 323
613 916
450 742
321 316
839 616
73 684
794 532
644 618
425 270
116 854
874 752
818 165
32 877
325 371
920 429
447 659
264 27
58 125
233 807
62 859
19 710
558 793
408 240
653 108
429 155
401 492
590 276
541 283
301 481
31 701
12 417
336 575
180 120
662 625
570 503
483 9
138 596
144 878
210 483
318 256
69 300
70 682
380 73
878 365
327 25
774 889
848 832
834 802
392 273
193 29
892 838
324 512
803 648
309 244
73 221
575 851
724 127
781 890
319 783
583 562
46 808
399 296
130 665
129 647
4 352
134 79
915 823
15 760
698 58
102 447
721 544
80 322
188 931
192 113
251 171
181 422
182 604
364 343
113 891
384 829
278 99
375 656
319 935
524 467
354 850
396 474
289 232
855 810
679 793
904 435
170 827
710 492
639 478
508 166
698 537
254 902
664 862
719 247
353 345
143 480
180 640
71 307
682 155
519 799
61 846
389 412
411 636
430 54
553 65
413 801
404 130
405 183
706 609
321 367
506 677
109 608
550 891
37 449
147 714
4 193
884 159
624 868
345 146
435 199
860 759
827 645
6 116
635 650
816 32
178 530
252 186
35 570
417 107
572 371
422 819
303 805
924 203
817 7
302 595
379 754
308 288
570 575
93 129
182 789
336 20
65 61
928 771
811 694
229 738
216 586
753 421
532 631
242 162
818 676
876 134
569 59
437 241
777 6
852 304
856 126
68 828
785 70
676 102
717 409
113 32
42 838
223 592
688 225
610 54
339 460
583 138
262 828
713 562
915 842
733 687
826 684
5 265
913 224
356 316
314 265
9 4
731 291
623 241
429 543
684 513
294 680
558 613
337 469
62 625
233 892
343 777
767 763
22 806
30 163
841 250
235 714
533 256
3 151
231 414
103 880
424 442
26 402
922 463
317 604
764 49
408 750
696 262
492 839
280 718
227 851
170 112
886 145
551 450
421 233
6 935
669 915
90 604
688 142
698 428
23 652
165 787
887 157
639 618
839 84
421 174
326 425
327 128
699 187
293 48
421 518
5 49
758 785
82 347
874 697
814 72
111 36
293 129
793 291
685 330
335 881
392 25
694 314
824 914
717 388
807 845
813 38
597 265
119 366
102 55
323 806
219 642
202 476
538 274
810 543
150 409
279 304
893 606
33 48
56 602
218 553
661 446
742 571
763 642
175 197
865 419
254 531
144 379
36 313
789 305
538 935
631 717
706 548
232 911
860 395
536 113
314 765
149 119
387 830
635 909
923 656
357 244
503 117
783 274
56 609
384 669
862 41
134 457
279 595
251 440
87 491
659 218
558 174
112 567
537 135
83 812
63 322
909 489
489 147
308 411
441 464
522 753
51 554
576 706
490 359
755 364
405 299
918 670
247 472
475 523
506 143
163 505
558 537
287 663
127 194
715 533
494 482
737 25
432 421
89 882
127 83
844 470
439 540
170 16
213 614
876 695
313 618
271 629
171 164
389 101
284 349
373 273
365 909
346 403
559 800
854 656
621 635
303 892
731 199
144 832
543 764
312 649
578 542
435 102
8 437
243 9
412 827
553 344
739 101
535 692
392 536
724 633
46 432
196 357
325 391
19 142
422 692
338 457
57 11
345 164
218 498
846 752
724 930
871 326
853 727
728 549
107 29
308 743
891 231
704 478
580 724
869 898
781 853
657 357
452 871
39 93
493 472
926 892
115 935
810 653
155 883
508 590
754 597
477 325
178 508
82 704
177 604
493 837
24 249
743 619
715 140
74 169
314 664
425 78
854 396
160 301
595 502
870 337
506 345
380 536
270 156
716 559
684 704
4 261
553 608
621 433
930 566
244 114
348 173
591 19
132 479
810 918
461 277
299 914
417 453
679 877
575 657
246 9
766 190
201 664
220 262
351 395
116 855
299 145
669 50
210 492
449 556
468 693
657 157
694 58
331 410
832 133
578 460
894 870
842 840
506 488
513 773
517 821
242 191
575 195
800 727
512 219
625 732
921 243
704 237
7 676
683 243
135 547
265 155
144 553
270 420
865 657
133 367
65 41
344 96
567 24
396 638
148 589
420 541
576 603
3 577
614 903
317 115
218 198
508 168
236 562
295 703
742 177
537 260
887 72
176 59
649 345
910 588
784 219
378 414
208 693
142 470
10 703
636 831
528 208
109 857
474 189
165 71
473 386
905 811
304 378
512 831
905 581
326 474
275 181
261 319
745 84
289 635
770 929
146 58
352 875
373 6
764 268
33 417
274 611
739 365
886 795
845 826
337 160
838 670
31 428
473 782
6 303
279 391
50 662
714 420
86 54
738 875
315 518
173 17
563 194
90 832
612 894
867 344
707 578
61 721
412 25
809 796
629 809
44 145
535 290
585 888
654 770
587 588
478 441
273 79
257 821
518 583
154 183
281 342
377 499
821 36
566 851
629 438
91 906
864 272
292 793
646 781
494 878
834 46
324 143
66 561
805 885
909 146
234 453
61 266
375 713
608 419
175 701
14 640
127 25
207 735
332 572
452 596
430 300
568 529
174 542
309 284
915 381
789 34
5 206
562 710
197 252
842 227
680 218
187 58
501 480
174 495
527 510
105 739
911 480
814 707
77 637
887 667
86 245
288 188
756 3
224 916
793 150
776 811
636 835
858 607
488 478
554 218
846 52
226 718
870 398
858 462
422 671
773 653
667 390
852 138
412 78
873 280
648 751
439 217
866 615
813 44
835 406
321 631
914 484
825 396
37 275
256 657
578 739
375 187
282 125
91 864
843 423
441 158
99 301
635 879
892 547
654 902
444 44
620 469
124 402
76 269
294 554
406 559
268 516
569 372
8 342
128 777
544 279
383 414
547 5
557 32
888 724
189 6
828 837
339 745
268 846
904 803
243 239
596 455
81 323
338 595
192 330
415 771
285 857
271 815
916 749
294 9
117 469
64 692
135 364
429 825
432 424
605 416
222 319
60 462
83 919
598 928
857 252
250 786
50 311
56 755
934 72
261 913
99 129
353 442
229 883
77 752
748 882
752 373
826 74
76 234
591 334
256 332
830 455
833 417
600 382
105 251
155 462
879 532
22 389
43 189
724 362
869 692
411 299
820 72
89 693
362 637
739 303
618 330
603 591
929 720
201 159
753 639
813 733
759 250
762 263
416 892
290 39
774 229
440 61
404 35
632 156
351 868
745 584
592 347
215 493
470 804
877 284
55 666
76 826
829 686
372 466
831 341
45 21
374 318
378 376
184 742
309 923
720 619
119 372
891 391
599 78
871 677
25 76
896 831
788 239
475 25
116 205
482 29
484 934
271 661
310 750
521 381
651 404
502 203
514 603
882 279
884 377
558 912
482 306
745 450
912 701
456 670
292 492
22 262
49 273
220 894
87 308
569 400
890 230
89 919
442 791
8 245
159 409
337 692
158 540
259 167
108 625
141 633
864 707
828 396
3 708
133 669
555 443
545 931
394 516
345 543
741 473
667 557
568 182
221 861
791 19
316 836
120 167
432 35
507 428
458 181
20 19
160 866
752 145
91 858
147 531
867 160
870 778
191 303
219 358
312 343
615 489
800 342
106 126
713 46
476 746
58 509
132 900
665 825
723 846
353 719
762 168
321 550
910 736
451 198
416 356
464 780
534 447
882 692
757 568
495 17
151 883
775 398
646 490
606 133
564 355
505 869
159 869
275 741
756 935
596 828
743 586
489 230
461 109
626 119
845 577
417 847
415 332
642 566
851 900
55 427
627 682
425 760
210 203
142 202
474 827
723 196
745 215
374 770
343 559
508 155
660 837
129 192
293 247
766 373
492 647
2 331
420 206
95 570
10 516
546 908
438 295
301 433
860 605
437 435
883 296
617 207
122 349
452 718
327 356
561 729
501 204
394 425
417 674
911 124
199 302
695 677
607 8
661 928
828 400
520 577
281 83
796 201
300 358
583 19
715 411
699 872
280 789
540 198
300 611
462 758
478 396
588 45
576 868
721 1
498 186
318 401
763 49
873 657
694 235
822 476
555 134
593 530
764 915
558 330
871 922
526 517
565 412
696 816
324 913
554 306
337 538
465 694
691 85
696 618
162 154
608 769
508 156
646 615
29 664
355 74
284 828
263 504
235 746
51 654
343 259
787 258
623 872
607 465
618 863
358 324
490 574
290 681
425 636
30 234
803 422
692 482
806 891
720 504
313 796
382 688
62 108
342 657
273 811
454 447
872 372
236 632
94 731
45 803
908 602
193 592
736 486
769 840
573 269
793 212
777 767
779 658
282 486
653 181
837 739
770 115
168 854
522 269
62 424
33 456
841 625
268 609
413 29
397 323
644 785
77 325
459 918
68 416
393 81
12 829
514 293
113 271
332 917
517 775
99 204
413 376
844 197
366 257
99 390
118 486
324 797
316 245
393 563
662 55
331 446
618 825
50 26
25 18
881 3
553 177
440 428
478 434
353 766
427 875
525 865
445 31
877 173
145 711
884 820
297 540
117 131
361 798
250 548
164 866
19 532
493 565
596 877
98 592
176 810
164 753
914 804
595 588
870 536
504 684
915 876
875 761
17 273
884 652
593 742
617 834
620 595
90 63
573 707
99 912
100 513
432 300
214 419
782 572
590 581
347 565
882 591
690 418
815 458
762 450
568 141
381 291
517 609
798 262
143 841
73 615
86 386
45 210
302 800
855 321
451 560
241 481
126 370
589 842
660 571
496 390
332 79
117 149
509 915
146 147
273 194
148 487
701 717
875 870
548 541
644 297
439 362
774 75
528 770
88 825
822 274
128 383
610 898
700 77
629 465
785 329
699 178
408 792
562 752
464 923
836 121
340 6
69 27
344 193
805 92
107 653
347 92
368 199
133 713
338 918
877 111
878 440
898 759
149 585
520 744
82 45
279 641
659 869
30 935
771 545
660 45
37 260
114 35
565 64
104 640
232 469
657 820
86 398
379 598
867 135
386 314
708 43
823 191
93 585
677 621
133 141
851 920
784 149
676 502
74 382
30 374
115 235
411 545
874 4
86 278
617 358
218 406
325 20
207 518
227 476
537 284
545 508
322 504
586 86
127 383
291 142
411 353
735 715
279 10
725 54
730 412
694 654
353 643
901 661
499 416
155 799
796 716
714 136
34 605
679 762
701 467
297 771
66 353
712 307
863 596
385 224
355 837
688 849
302 497
285 765
74 935
185 719
902 478
925 525
456 453
679 610
275 245
59 32
594 416
479 934
377 735
66 639
567 375
625 799
518 153
903 138
870 566
502 636
88 330
532 13
171 159
907 92
425 330
435 588
629 38
297 152
420 223
690 490
806 387
125 327
127 242
182 310
556 665
207 767
410 389
891 657
468 777
894 582
19 692
791 615
848 871
204 712
152 297
832 662
373 207
746 619
361 854
623 85
438 901
681 919
798 382
413 335
141 789
474 274
682 735
607 934
886 536
833 396
669 62
32 429
306 81
611 347
739 425
737 659
594 402
316 26
615 488
896 475
881 710
73 897
190 296
284 309
13 796
267 374
806 91
680 635
45 854
669 753
341 821
589 793
292 241
537 249
60 643
701 670
752 853
816 717
746 193
160 548
822 892
841 24
553 518
753 817
76 456
350 385
407 287
910 633
375 289
785 254
371 118
410 77
302 418
293 690
733 743
351 356
933 642
9 694
304 770
604 15
769 553
438 733
809 402
775 72
279 39
64 828
26 694
99 25
590 644
96 397
22 432
336 599
65 165
301 135
191 888
214 680
417 839
741 746
453 791
238 87
77 416
773 606
405 153
211 179
747 831
342 497
34 830
364 499
354 292
904 530
889 52
893 516
123 713
439 112
150 141
159 424
549 627
144 865
427 376
623 326
403 333
924 524
928 898
502 350
34 285
48 246
683 447
633 447
758 143
264 148
651 40
527 616
731 427
626 754
221 676
241 155
849 846
792 650
405 787
647 10
393 163
272 227
143 565
168 873
125 356
859 444
469 119
883 392
520 233
791 389
88 327
219 106
308 224
254 171
436 266
682 46
323 46
860 42
45 809
301 447
193 606
835 923
927 234
525 893
43 930
646 310
934 512
50 401
809 639
138 8
425 528
25 39
527 18
362 144
161 669
553 824
522 101
621 701
533 168
382 374
58 8
633 558
429 913
248 524
320 233
727 827
674 795
269 683
567 429
66 457
776 140
175 138
128 485
883 406
60 458
154 452
370 8
356 384
