835 1765
218 116
224 339
460 25
137 458
326 721
276 78
385 660
740 160
814 714
455 167
238 646
390 205
50 392
345 598
471 402
717 406
264 33
716 159
560 793
44 138
688 371
637 261
398 318
392 586
12 50
285 695
90 420
683 185
84 684
22 752
743 796
36 564
559 503
138 657
180 446
420 826
169 12
498 362
684 830
402 598
561 734
28 771
450 330
580 252
64 282
720 773
119 402
125 470
674 93
430 522
460 467
378 395
547 678
489 530
145 688
202 150
276 91
779 68
251 120
625 350
703 102
438 206
758 466
583 662
75 669
788 109
609 85
263 378
498 121
121 435
391 536
181 575
221 610
38 408
835 219
12 72
549 191
787 412
826 506
115 58
596 788
703 495
597 675
251 714
285 642
752 207
76 439
593 302
704 215
317 358
815 22
759 515
393 447
147 213
257 418
620 236
786 81
149 229
742 347
525 447
303 335
70 356
76 430
742 640
232 244
307 364
4 436
462 566
623 57
127 627
632 812
10 664
38 721
349 669
539 256
79 763
680 499
492 371
511 443
224 656
541 579
118 587
214 650
804 192
95 616
81 394
778 48
375 232
636 694
697 49
589 455
749 328
142 270
493 372
38 367
611 187
666 121
317 369
212 665
574 75
114 575
124 808
415 480
181 531
115 562
518 626
21 596
5 784
485 39
472 484
440 664
369 25
251 726
569 112
476 16
499 634
245 98
427 3
652 51
762 168
658 732
148 370
170 380
151 434
798 634
532 578
132 814
264 819
818 659
485 32
31 340
569 8
309 338
776 227
523 4
181 136
736 300
365 230
404 425
337 589
470 657
750 374
386 540
391 626
647 701
604 49
427 207
183 120
96 828
333 721
722 672
597 340
356 486
363 9
41 797
408 237
245 592
138 314
268 727
766 82
566 159
577 185
207 482
45 281
695 686
244 613
603 320
622 476
416 512
203 638
313 453
526 396
452 697
589 15
116 810
477 316
770 718
357 401
732 713
417 529
532 256
312 366
148 729
798 456
526 205
85 35
236 209
739 58
156 325
583 117
418 722
697 530
384 430
80 183
211 409
820 550
569 815
115 766
67 694
304 164
715 355
240 833
228 24
374 668
645 202
738 764
779 34
33 143
434 167
425 305
278 816
33 241
301 241
255 660
37 380
382 587
720 312
433 572
52 245
589 58
735 502
60 712
435 203
113 527
277 175
135 579
90 554
436 594
335 467
769 355
562 635
339 440
678 502
789 38
422 474
407 25
7 628
820 310
344 231
783 793
433 241
164 797
577 151
494 782
182 786
455 159
612 674
354 805
526 459
654 753
507 180
694 600
698 474
739 308
482 823
601 315
103 799
161 560
593 17
458 639
829 449
726 134
827 346
721 262
796 368
392 22
470 709
495 711
79 772
293 356
248 367
708 400
543 684
729 480
440 168
288 746
291 157
439 13
714 778
143 542
2 564
294 734
598 829
424 825
519 707
455 365
748 459
821 482
260 342
779 495
323 270
705 45
579 193
466 100
732 436
236 433
197 625
348 641
717 441
388 464
299 567
34 322
273 589
571 610
546 489
180 607
365 1
827 186
682 286
154 765
247 253
229 594
147 364
39 796
67 197
628 53
250 478
771 689
439 24
105 564
256 237
649 29
732 204
739 719
22 217
244 406
413 458
130 525
538 363
116 275
578 706
118 673
711 546
605 742
67 482
11 822
377 423
106 559
438 614
590 418
821 341
700 726
391 485
4 537
481 821
76 620
393 111
178 751
822 111
207 391
77 696
558 83
318 361
675 606
16 321
768 395
736 592
608 261
284 312
321 546
712 291
111 291
367 478
316 649
359 752
140 638
552 49
221 186
816 454
465 179
375 31
753 830
718 493
386 256
189 684
759 437
266 439
307 331
534 628
168 3
721 19
393 451
341 834
363 349
698 200
772 89
96 170
206 494
650 224
538 247
97 397
176 161
98 714
513 102
519 765
630 223
797 294
743 99
601 784
637 39
307 550
658 770
110 153
703 347
51 105
36 212
413 430
35 807
510 365
707 470
412 796
549 818
32 395
662 627
50 491
804 779
402 662
277 576
835 116
152 256
301 331
546 80
189 243
777 156
782 431
621 381
289 807
217 258
373 506
572 355
21 329
97 264
649 43
654 781
396 803
720 742
9 130
11 41
804 429
356 190
817 644
399 311
561 244
228 368
283 432
705 93
809 645
25 92
321 662
711 719
54 620
590 775
535 471
757 286
595 239
356 214
819 256
512 62
835 128
341 668
604 22
76 36
296 157
265 499
30 120
325 361
330 683
296 471
636 195
103 292
668 198
449 341
401 458
661 412
558 749
172 575
673 102
271 133
627 180
405 473
153 112
407 453
412 554
714 685
661 638
313 480
169 299
247 187
357 284
761 116
741 102
342 19
491 506
552 712
644 675
3 317
830 292
316 231
13 758
627 189
424 64
707 328
202 93
793 508
707 591
70 92
385 143
830 145
393 644
191 601
432 345
127 351
95 806
790 287
621 346
433 65
586 153
623 683
194 758
293 154
629 592
707 305
270 540
806 754
678 263
97 695
650 70
614 165
198 669
749 547
589 36
328 148
602 145
180 754
195 213
246 237
379 338
573 3
610 64
629 292
431 528
715 240
151 109
241 294
740 261
209 256
12 805
143 61
1 486
516 451
444 787
211 520
198 551
181 160
258 573
501 41
325 672
508 384
461 321
416 336
440 527
645 142
578 781
578 163
390 494
747 2
718 540
131 153
261 805
496 271
295 145
501 455
762 732
671 41
714 603
551 380
648 528
114 747
297 25
563 689
184 143
592 616
633 13
210 637
579 201
580 217
250 138
830 450
149 340
27 565
211 336
58 485
369 665
460 363
633 367
484 415
546 59
629 795
668 55
686 775
486 638
267 663
343 437
308 73
459 239
169 88
557 159
265 442
185 371
96 493
126 113
207 289
144 366
293 509
263 111
53 477
382 550
58 206
142 268
762 646
433 658
197 260
553 116
789 822
259 298
609 455
48 726
530 710
107 27
773 829
655 663
816 298
235 383
184 101
287 510
442 797
539 602
249 101
545 528
713 41
71 484
485 479
518 151
242 60
335 749
212 206
18 493
3 672
155 115
361 669
802 301
202 186
391 131
804 723
98 490
303 777
576 732
282 603
411 526
529 253
468 319
287 261
103 343
312 185
540 285
97 19
479 258
638 466
140 41
567 313
209 29
585 319
380 533
788 636
53 714
648 732
668 332
675 591
766 449
659 777
648 224
126 419
253 99
271 757
716 409
2 468
733 818
693 381
344 495
75 65
661 714
665 724
825 30
572 75
674 694
822 519
362 660
632 313
480 716
293 584
193 23
678 62
164 77
238 513
497 547
830 304
189 408
668 96
337 58
165 415
495 409
796 279
707 340
123 688
487 179
788 521
167 459
45 96
339 319
583 149
821 442
474 248
255 36
303 658
87 652
552 784
4 167
784 41
4 343
311 128
498 89
406 438
817 459
451 715
412 579
553 75
554 91
493 797
443 520
426 157
257 823
704 525
659 515
695 193
751 804
215 497
415 644
352 209
704 811
306 574
37 355
185 106
354 482
116 709
305 4
242 303
806 760
179 636
792 459
79 367
356 125
696 213
729 33
343 620
36 671
163 785
58 748
742 199
379 495
602 829
469 770
700 808
497 83
207 327
89 233
54 435
439 272
632 348
796 490
249 601
204 432
794 806
100 97
139 774
443 619
503 798
752 399
259 554
260 497
356 346
239 237
770 88
442 588
573 816
479 28
496 822
297 811
69 673
91 701
116 246
692 372
596 453
429 715
601 807
529 405
298 796
282 47
21 744
324 66
570 486
246 664
331 449
575 407
142 118
531 209
426 99
713 366
85 740
292 256
826 627
44 757
501 368
628 402
138 736
195 410
609 469
538 366
262 764
266 621
632 394
128 582
774 717
505 650
196 202
695 767
684 39
599 259
582 313
470 743
327 753
493 265
169 166
181 726
524 194
574 669
141 340
592 615
71 345
789 303
796 429
528 109
602 492
431 506
15 268
312 317
3 557
666 247
82 603
269 380
804 396
254 351
739 26
190 141
393 109
105 411
451 108
663 631
298 729
335 171
104 221
497 73
454 194
175 236
736 303
653 380
712 776
572 199
609 587
482 432
501 340
325 518
130 532
703 603
558 129
561 118
68 66
450 517
608 55
348 600
365 406
295 654
791 261
227 333
212 511
439 288
385 489
770 435
539 329
447 390
412 228
105 398
434 185
643 311
129 219
150 142
318 202
727 640
304 218
12 560
82 99
376 625
470 538
269 702
155 613
201 384
347 417
458 171
386 201
818 699
750 723
492 305
257 263
458 699
137 140
283 231
489 703
58 403
688 331
692 248
69 166
70 129
461 572
260 697
456 388
55 228
545 603
362 409
162 151
722 694
784 780
240 4
538 549
429 134
103 446
533 752
593 526
220 188
207 828
598 360
548 511
612 199
10 433
102 11
672 782
305 235
350 618
265 24
414 38
421 464
195 149
730 750
823 783
572 525
131 666
832 829
641 790
773 391
264 62
84 92
158 197
453 97
665 695
172 84
140 109
452 228
110 45
520 94
302 643
809 102
795 792
680 360
151 390
579 772
447 714
700 743
446 623
106 362
785 490
455 818
573 395
41 522
354 365
118 616
342 778
269 554
207 696
737 243
258 652
446 114
231 745
345 451
809 340
780 83
489 363
471 634
542 379
732 702
217 36
76 268
835 412
273 494
242 682
403 537
667 186
835 557
30 163
775 458
320 516
620 726
490 681
327 628
365 12
24 690
6 75
373 439
184 162
690 225
311 764
167 45
99 820
797 406
124 788
450 556
733 398
418 88
40 763
96 663
803 166
602 97
293 376
169 810
612 26
152 419
687 552
320 127
564 616
545 522
472 640
166 530
466 718
471 291
806 455
681 372
529 824
358 802
184 193
59 732
817 392
450 339
603 411
271 286
60 8
621 531
788 689
57 535
498 246
409 740
537 224
11 818
420 169
259 662
684 32
443 207
561 811
398 239
509 653
268 559
400 68
347 818
350 119
835 752
503 64
465 808
396 218
113 724
238 774
617 753
345 393
605 112
95 605
425 52
354 242
27 280
653 580
816 184
618 713
195 280
397 588
593 824
816 604
311 827
333 523
210 64
417 506
3 94
47 210
713 184
71 40
138 391
115 555
550 739
177 49
694 660
145 456
36 252
185 209
114 153
415 235
376 612
19 704
613 2
218 58
606 564
681 281
209 341
193 179
46 527
590 535
641 464
350 507
479 198
66 105
287 494
422 98
315 619
834 697
815 393
821 792
60 510
522 74
835 1
800 466
56 216
516 835
442 359
208 568
730 559
275 167
632 634
390 469
666 117
524 706
781 237
68 147
184 273
69 609
353 724
87 760
558 144
24 274
102 833
656 232
213 834
431 255
381 150
220 175
40 349
647 572
562 254
251 758
733 103
315 434
761 307
509 120
723 414
801 470
1 397
807 77
129 622
153 647
426 56
5 216
828 241
489 810
722 173
48 388
324 814
792 3
756 380
226 780
397 476
582 553
135 29
287 136
175 194
625 188
62 22
173 17
321 620
547 800
308 244
762 209
146 707
802 805
270 296
558 752
818 238
692 257
273 661
236 543
466 810
107 194
638 326
34 125
435 819
444 246
556 348
479 703
465 530
411 404
320 229
231 497
547 519
71 136
771 366
463 226
466 15
614 653
173 457
140 150
473 240
27 780
695 160
272 634
408 405
561 591
52 675
410 531
449 531
677 470
679 727
42 292
558 401
275 105
104 245
298 221
745 57
513 534
130 511
495 707
797 491
595 272
340 476
146 786
224 381
150 85
763 532
56 144
510 424
374 445
654 227
695 658
789 601
373 512
783 127
826 165
828 129
22 200
449 670
697 363
492 33
498 312
815 640
191 186
491 475
537 21
742 238
748 564
32 762
65 307
297 795
173 301
333 242
449 256
413 357
821 24
487 617
60 299
205 10
779 105
285 662
164 652
695 736
366 576
733 531
278 176
321 421
57 99
421 29
829 368
723 808
775 419
686 337
68 104
287 782
369 98
569 771
107 332
550 389
61 200
615 609
688 617
677 14
200 414
114 252
615 189
726 565
32 124
219 737
733 210
611 448
355 286
784 416
362 251
34 652
630 351
707 824
179 294
217 338
236 410
401 288
455 775
686 129
228 236
449 713
502 381
158 830
661 248
118 344
228 115
25 148
511 321
488 645
106 297
623 630
555 612
296 780
797 234
314 583
352 766
149 364
163 205
606 675
310 108
773 621
650 18
500 778
128 227
423 276
123 245
470 410
471 695
348 579
704 581
209 170
1 567
820 43
783 540
735 184
761 136
617 198
303 76
219 366
455 385
592 329
313 664
91 232
15 50
430 432
33 300
626 48
517 530
773 718
260 90
63 525
339 579
654 692
786 331
679 329
153 433
86 335
659 302
664 803
700 116
476 465
619 108
116 213
723 186
707 705
817 799
659 601
536 396
388 701
489 692
313 463
22 591
261 531
758 627
561 21
619 641
18 619
476 614
84 355
360 822
422 806
631 288
62 101
246 710
52 624
19 178
611 268
511 7
463 190
229 263
798 712
621 592
396 69
219 682
722 469
45 810
817 559
639 587
686 390
681 248
206 374
27 577
661 189
753 687
296 355
386 403
488 789
213 541
513 164
605 363
273 514
609 275
276 70
671 223
202 196
442 224
634 751
175 376
162 553
806 604
762 805
489 568
793 221
43 458
292 333
700 322
245 171
229 567
270 75
201 320
115 774
193 78
623 29
237 381
761 182
615 823
338 289
238 228
76 199
23 375
8 383
92 676
269 19
458 92
33 474
18 219
554 441
672 783
525 179
564 517
767 831
170 305
353 759
482 107
286 221
293 762
518 566
6 204
775 470
235 305
724 707
726 243
342 776
496 818
135 575
500 365
613 277
636 319
33 76
159 516
149 680
725 639
196 824
236 758
242 768
459 778
668 401
545 90
565 604
162 660
236 440
590 1
24 685
316 96
174 311
140 835
676 448
646 573
349 339
436 499
57 79
152 810
123 257
609 141
176 832
231 625
765 33
347 92
21 275
89 248
417 475
418 289
118 381
323 356
52 302
398 139
327 227
112 331
332 545
742 28
217 794
220 225
521 703
480 643
107 337
35 823
531 22
737 171
81 402
140 187
270 356
225 109
452 193
266 724
419 408
831 776
510 421
470 805
52 640
827 356
659 47
764 793
528 114
15 208
207 213
732 564
289 358
6 357
11 106
305 563
721 769
772 128
833 291
27 404
182 749
580 83
1 548
751 705
644 269
86 288
808 526
113 326
426 519
526 551
405 509
73 702
510 453
649 440
246 831
318 45
416 384
107 324
196 94
816 566
466 221
90 657
165 215
113 238
449 127
36 669
157 40
768 654
108 423
74 275
599 641
446 595
32 227
415 544
609 792
422 487
225 185
10 80
255 635
439 154
206 131
355 81
9 614
72 750
241 732
21 673
65 68
446 182
466 688
285 236
754 821
631 18
368 808
238 167
610 340
95 305
28 366
49 492
161 221
181 146
650 301
369 338
663 307
324 49
626 826
609 389
134 716
653 628
287 286
343 484
131 264
695 574
164 112
78 115
384 585
222 36
78 599
212 589
746 200
549 464
504 643
47 424
474 130
336 43
465 390
598 120
284 267
232 108
218 636
770 289
442 808
101 187
321 266
748 265
741 309
330 446
563 676
52 448
609 125
333 564
559 700
159 230
553 84
39 712
99 692
16 58
608 414
650 322
484 316
49 390
32 783
308 628
721 290
528 623
514 123
799 563
834 824
121 630
231 2
697 683
199 544
116 322
98 798
198 151
313 360
438 184
690 384
648 727
798 426
301 242
70 108
202 585
594 618
580 681
617 161
603 114
750 594
551 679
751 609
79 71
744 60
9 722
14 413
796 668
322 225
719 627
301 235
