944 1048
3 271
477 220
607 157
645 496
571 245
226 168
687 841
11 931
312 360
160 7
679 330
382 531
876 873
776 633
509 647
313 452
166 125
352 230
329 690
798 649
427 713
719 832
543 175
578 289
619 317
688 602
389 640
647 465
261 150
154 932
35 792
558 210
856 562
785 892
646 100
724 885
587 895
345 632
265 771
349 490
430 64
495 843
497 344
741 559
507 932
317 429
24 375
862 254
354 527
129 15
354 859
323 378
109 30
641 504
611 409
285 850
709 464
17 39
462 727
362 461
265 675
61 490
686 845
265 554
152 269
798 633
861 815
74 35
38 624
181 709
733 603
95 261
684 929
53 693
252 105
3 810
20 660
32 306
890 617
223 17
741 25
123 10
713 126
377 673
62 286
522 352
635 796
182 452
17 580
417 319
232 931
658 84
601 478
751 183
841 898
570 253
630 218
61 810
35 267
364 120
733 726
507 231
347 805
269 936
749 787
519 107
719 158
839 233
604 549
528 234
848 678
557 246
445 724
793 250
143 452
293 239
399 712
93 376
557 691
5 825
5 124
844 558
68 231
311 479
66 104
211 570
250 182
565 201
415 301
500 425
387 413
581 790
901 929
96 343
281 680
62 506
521 206
611 365
505 805
102 65
122 470
459 220
383 186
627 709
276 202
246 105
198 834
305 633
239 516
536 534
12 183
13 63
257 766
807 118
177 495
511 198
488 258
564 643
935 65
705 592
230 682
724 231
337 547
882 668
719 338
888 358
862 191
241 80
116 784
927 896
26 661
872 736
772 883
223 555
75 552
330 403
271 906
914 858
81 117
328 275
583 881
533 70
384 332
651 12
102 293
116 912
119 900
689 133
736 27
6 882
616 663
925 225
904 753
262 714
475 332
383 591
582 117
702 351
595 249
481 167
779 632
498 469
203 89
827 189
895 540
268 492
582 173
617 820
273 135
659 816
57 869
441 408
199 45
425 137
43 439
348 943
830 554
901 538
244 363
650 282
355 378
917 551
754 332
478 475
590 283
299 426
242 214
461 936
555 855
286 227
69 903
182 48
699 134
117 35
218 712
545 296
295 270
362 635
711 639
842 801
383 57
270 323
572 185
378 345
354 903
74 638
829 18
927 552
584 172
611 84
807 134
184 848
629 797
823 227
453 703
391 379
145 217
629 176
574 478
184 694
768 637
233 440
830 557
796 798
174 668
521 923
857 30
259 67
767 114
639 403
551 294
647 289
847 639
427 246
718 712
823 215
134 923
758 188
351 810
476 56
285 230
788 122
836 389
215 413
202 659
743 754
815 647
369 163
912 498
234 441
363 189
231 200
530 180
467 894
470 406
386 509
93 850
778 100
262 925
388 744
199 198
883 443
314 12
464 96
559 826
596 563
693 646
65 61
657 420
919 527
530 397
466 46
74 529
65 87
575 228
419 906
428 134
24 337
488 382
546 182
21 106
588 830
253 664
939 289
468 57
556 727
926 423
251 515
206 203
481 21
71 174
838 434
831 890
711 673
18 687
448 494
556 25
57 76
490 50
462 27
310 123
356 119
915 486
487 784
192 874
791 250
134 108
442 70
894 423
367 410
158 102
792 264
308 569
745 578
589 185
238 89
325 39
135 568
679 505
701 129
828 90
873 862
216 172
408 278
272 723
164 864
420 45
749 748
508 68
430 127
693 447
311 842
633 223
561 330
666 758
231 550
799 179
146 294
887 610
37 430
543 813
931 211
293 513
942 118
12 553
82 588
545 852
139 360
797 8
329 323
184 211
621 411
704 614
620 132
578 524
875 373
261 540
518 560
863 257
532 474
433 252
906 113
477 499
761 135
246 31
721 704
386 222
566 933
899 603
783 203
751 477
499 534
747 152
32 926
114 897
195 211
192 751
232 14
299 489
227 916
98 116
389 275
644 408
199 927
829 569
250 749
623 646
578 444
564 717
887 126
825 75
403 892
33 599
539 312
534 76
907 674
221 223
902 117
361 349
542 337
926 682
493 690
309 549
267 942
691 583
128 421
103 406
942 566
463 241
907 487
831 837
879 434
843 808
407 683
438 646
821 519
100 174
231 423
113 815
186 581
124 772
635 453
602 267
56 800
883 562
46 488
820 22
721 554
486 289
405 55
466 445
520 884
459 769
374 39
894 720
426 736
736 840
657 206
147 99
776 172
412 670
910 178
555 131
697 551
816 160
562 115
224 775
572 859
91 808
104 272
226 625
268 782
447 188
777 603
332 686
498 79
499 103
352 312
252 169
838 665
810 306
30 616
842 363
896 785
920 109
155 235
554 65
761 515
27 822
366 598
895 156
843 100
210 238
278 792
412 43
188 234
556 825
396 166
446 296
92 676
117 905
103 575
610 392
795 869
702 302
863 288
36 806
39 725
625 649
322 242
155 504
525 554
459 707
783 29
616 242
416 48
176 628
423 440
475 151
116 596
380 542
66 233
121 708
497 61
907 713
36 379
543 465
624 193
276 458
832 5
812 926
520 924
411 386
549 232
929 447
515 456
618 51
446 922
810 139
737 460
115 847
456 662
604 21
810 423
257 742
928 394
232 7
331 888
388 127
178 372
339 798
862 193
39 771
412 939
25 827
446 727
743 13
93 853
227 62
355 117
687 810
538 103
542 248
552 783
334 464
157 134
597 217
594 45
239 781
881 764
891 216
70 252
370 273
944 604
767 315
545 179
441 482
617 101
703 28
117 217
193 347
425 801
441 615
112 784
671 787
638 322
134 767
87 418
293 243
377 896
728 920
842 59
60 91
49 718
37 254
48 353
338 566
753 678
270 720
274 601
430 414
288 435
405 631
281 697
937 828
132 254
850 519
742 244
278 786
385 540
834 629
84 378
377 496
516 499
253 660
12 294
565 264
325 531
702 924
843 481
842 193
906 218
554 311
709 394
467 779
834 668
934 410
41 398
434 400
375 380
186 755
646 614
149 541
65 367
760 878
744 378
424 200
541 649
839 191
728 663
674 34
648 49
227 508
829 783
905 889
758 53
611 408
425 27
362 747
737 631
228 388
841 873
27 390
370 442
440 718
612 380
201 254
474 80
744 594
491 189
245 844
119 82
278 837
73 13
935 239
441 228
796 2
217 165
127 494
461 322
321 740
307 619
717 369
339 930
757 639
746 223
740 99
423 817
831 46
870 624
626 193
304 166
150 536
892 864
541 554
815 270
732 470
870 20
873 843
425 606
367 167
307 756
535 513
139 344
924 332
239 207
849 291
186 113
127 744
411 397
96 20
805 201
124 202
917 55
497 931
768 229
445 888
669 579
841 709
806 282
768 898
595 734
445 850
428 480
480 564
724 437
11 412
421 491
302 806
388 173
684 381
885 911
607 280
678 653
702 414
282 827
726 737
177 496
5 648
497 389
87 350
928 320
500 473
101 656
507 935
899 480
372 512
158 42
111 903
412 64
231 717
536 811
237 906
716 54
853 595
295 916
829 753
714 395
748 622
417 561
868 498
610 180
242 740
590 876
629 778
629 497
450 856
221 335
773 418
868 189
848 865
180 827
821 154
38 488
456 222
739 801
594 411
531 795
628 491
317 613
915 184
318 188
349 418
486 152
261 411
123 351
756 195
489 582
611 379
105 935
761 586
913 709
437 864
219 408
135 263
212 122
444 706
509 129
735 77
29 450
699 453
247 560
793 328
295 866
55 132
238 496
503 247
879 724
218 26
383 940
920 188
268 468
87 512
105 452
921 143
383 500
188 922
900 127
921 419
426 621
344 575
437 805
161 601
785 5
406 377
239 213
869 266
666 116
187 524
377 6
712 746
287 194
287 571
716 671
106 62
727 930
330 864
905 243
80 171
5 575
237 781
470 411
60 778
84 249
360 808
204 766
929 488
531 761
763 267
507 399
113 912
610 602
286 581
495 652
384 821
132 435
865 782
891 550
431 737
450 759
464 128
887 704
501 5
610 857
313 693
287 544
196 11
891 795
196 874
927 701
452 841
884 675
410 115
545 752
693 727
663 174
863 442
468 426
799 449
788 905
656 570
577 220
168 891
10 832
709 730
290 460
437 494
364 655
627 307
250 314
494 391
937 288
513 19
881 845
658 895
104 454
773 727
850 235
553 263
254 763
93 49
879 133
492 496
260 851
717 643
401 189
239 894
490 390
797 160
240 28
271 667
714 718
836 374
150 171
719 430
422 334
295 104
5 477
193 408
393 796
924 842
637 707
452 305
38 276
642 918
498 642
478 357
459 285
506 339
206 29
268 386
683 419
379 609
132 147
865 205
141 837
49 248
378 715
140 161
441 597
641 107
324 235
275 200
805 41
34 358
294 354
593 233
912 52
695 913
434 175
476 202
258 923
749 186
283 275
493 592
441 907
576 837
580 22
907 462
458 576
342 27
116 271
810 316
820 364
208 778
811 542
174 708
536 603
62 707
894 433
476 308
160 517
556 931
603 222
374 262
928 421
233 824
351 437
690 747
138 700
216 180
162 519
495 555
855 869
510 876
156 458
216 876
288 786
340 221
369 48
25 124
164 61
401 179
587 884
95 72
776 98
244 835
822 246
538 247
872 54
903 774
425 15
21 162
119 567
291 350
939 381
938 344
901 447
179 675
314 307
786 97
646 168
162 255
398 196
669 405
445 363
196 396
116 755
503 481
924 493
274 72
78 937
186 187
297 775
701 785
727 453
794 65
710 669
419 467
397 5
386 673
466 327
414 220
276 379
287 311
257 326
386 4
33 745
